21 15 79.69 200
0 40.000000 50.000000 0.000000 0.000000 1236.000000 0.000000
1 45.000000 68.000000 10.000000 78.000000 140.000000 90.000000
2 45.000000 70.000000 30.000000 499.000000 553.000000 90.000000
3 42.000000 66.000000 10.000000 863.000000 931.000000 90.000000
4 42.000000 68.000000 10.000000 584.000000 656.000000 90.000000
5 42.000000 65.000000 10.000000 950.000000 1026.000000 90.000000
6 40.000000 69.000000 20.000000 683.000000 741.000000 90.000000
7 40.000000 66.000000 20.000000 774.000000 836.000000 90.000000
8 38.000000 68.000000 20.000000 1057.000000 1125.000000 90.000000
9 38.000000 70.000000 10.000000 958.000000 1040.000000 90.000000
10 35.000000 66.000000 10.000000 779.000000 845.000000 90.000000
11 35.000000 69.000000 10.000000 869.000000 941.000000 90.000000
12 25.000000 85.000000 20.000000 176.000000 228.000000 90.000000
13 22.000000 75.000000 30.000000 1042.000000 1106.000000 90.000000
14 22.000000 85.000000 10.000000 263.000000 327.000000 90.000000
15 20.000000 80.000000 40.000000 745.000000 789.000000 90.000000
16 40.000000 50.000000 0.000000 0.000000 1236.000000 0.000000
17 77.000000 52.000000 0.000000 0.000000 1236.000000 0.000000
18 57.000000 82.000000 0.000000 0.000000 1236.000000 0.000000
19 48.000000 8.000000 0.000000 0.000000 1236.000000 0.000000
20 93.000000 43.000000 0.000000 0.000000 1236.000000 0.000000
