16 10 79.69 200
0 40.000000 50.000000 0.000000 0.000000 1236.000000 0.000000
1 58.000000 75.000000 20.000000 181.000000 247.000000 90.000000
2 88.000000 35.000000 20.000000 667.000000 731.000000 90.000000
3 42.000000 68.000000 10.000000 584.000000 656.000000 90.000000
4 22.000000 75.000000 30.000000 1042.000000 1106.000000 90.000000
5 62.000000 80.000000 30.000000 274.000000 330.000000 90.000000
6 55.000000 85.000000 20.000000 744.000000 798.000000 90.000000
7 42.000000 10.000000 40.000000 810.000000 868.000000 90.000000
8 23.000000 52.000000 10.000000 263.000000 311.000000 90.000000
9 63.000000 58.000000 10.000000 929.000000 989.000000 90.000000
10 60.000000 80.000000 10.000000 177.000000 243.000000 90.000000
11 40.000000 50.000000 0.000000 0.000000 1236.000000 0.000000
12 77.000000 52.000000 0.000000 0.000000 1236.000000 0.000000
13 57.000000 82.000000 0.000000 0.000000 1236.000000 0.000000
14 48.000000 8.000000 0.000000 0.000000 1236.000000 0.000000
15 93.000000 43.000000 0.000000 0.000000 1236.000000 0.000000
