21 15 118.31 700
0 40.000000 50.000000 0.000000 0.000000 3390.000000 0.000000
1 52.000000 75.000000 10.000000 986.000000 1146.000000 90.000000
2 45.000000 70.000000 30.000000 1084.000000 1244.000000 90.000000
3 62.000000 69.000000 10.000000 130.000000 290.000000 90.000000
4 60.000000 66.000000 10.000000 36.000000 196.000000 90.000000
5 42.000000 65.000000 10.000000 1272.000000 1432.000000 90.000000
6 16.000000 42.000000 20.000000 2544.000000 2704.000000 90.000000
7 58.000000 70.000000 20.000000 224.000000 384.000000 90.000000
8 34.000000 60.000000 20.000000 12.000000 172.000000 90.000000
9 28.000000 70.000000 10.000000 218.000000 378.000000 90.000000
10 35.000000 66.000000 10.000000 28.000000 188.000000 90.000000
11 35.000000 69.000000 10.000000 121.000000 281.000000 90.000000
12 25.000000 85.000000 20.000000 508.000000 668.000000 90.000000
13 22.000000 75.000000 30.000000 316.000000 476.000000 90.000000
14 22.000000 85.000000 10.000000 601.000000 761.000000 90.000000
15 20.000000 80.000000 40.000000 411.000000 571.000000 90.000000
101 40.000000 50.000000 0.000000 0.000000 3390.000000 0.000000
102 73.000000 52.000000 0.000000 0.000000 3390.000000 0.000000
103 90.000000 55.000000 0.000000 0.000000 3390.000000 0.000000
104 55.000000 79.000000 0.000000 0.000000 3390.000000 0.000000
105 69.000000 89.000000 0.000000 0.000000 3390.000000 0.000000