122 100 238.34 1000
0 35.000000 35.000000 0.000000 0.000000 1000.000000 0.000000
1 41.000000 49.000000 10.000000 16.000000 102.000000 10.000000
2 35.000000 17.000000 7.000000 18.000000 166.000000 10.000000
3 55.000000 45.000000 13.000000 737.000000 945.000000 10.000000
4 55.000000 20.000000 19.000000 0.000000 965.000000 10.000000
5 15.000000 30.000000 26.000000 21.000000 182.000000 10.000000
6 25.000000 30.000000 3.000000 556.000000 708.000000 10.000000
7 20.000000 50.000000 5.000000 32.000000 110.000000 10.000000
8 10.000000 43.000000 9.000000 0.000000 963.000000 10.000000
9 55.000000 60.000000 16.000000 558.000000 700.000000 10.000000
10 30.000000 60.000000 16.000000 585.000000 691.000000 10.000000
11 20.000000 65.000000 12.000000 0.000000 956.000000 10.000000
12 50.000000 35.000000 19.000000 850.000000 934.000000 10.000000
13 30.000000 25.000000 23.000000 12.000000 133.000000 10.000000
14 15.000000 10.000000 20.000000 174.000000 304.000000 10.000000
15 30.000000 5.000000 8.000000 861.000000 959.000000 10.000000
16 10.000000 20.000000 19.000000 527.000000 665.000000 10.000000
17 5.000000 30.000000 2.000000 0.000000 959.000000 10.000000
18 20.000000 40.000000 12.000000 403.000000 513.000000 10.000000
19 15.000000 60.000000 17.000000 0.000000 957.000000 10.000000
20 45.000000 65.000000 9.000000 679.000000 769.000000 10.000000
21 45.000000 20.000000 11.000000 67.000000 213.000000 10.000000
22 45.000000 10.000000 18.000000 765.000000 885.000000 10.000000
23 55.000000 5.000000 29.000000 94.000000 274.000000 10.000000
24 65.000000 35.000000 3.000000 0.000000 960.000000 10.000000
25 65.000000 20.000000 6.000000 69.000000 183.000000 10.000000
26 45.000000 30.000000 17.000000 0.000000 978.000000 10.000000
27 35.000000 40.000000 16.000000 299.000000 477.000000 10.000000
28 41.000000 37.000000 16.000000 357.000000 495.000000 10.000000
29 64.000000 42.000000 9.000000 847.000000 960.000000 10.000000
30 40.000000 60.000000 21.000000 520.000000 628.000000 10.000000
31 31.000000 52.000000 27.000000 591.000000 809.000000 10.000000
32 35.000000 69.000000 23.000000 0.000000 956.000000 10.000000
33 53.000000 52.000000 11.000000 249.000000 409.000000 10.000000
34 65.000000 55.000000 14.000000 63.000000 191.000000 10.000000
35 63.000000 65.000000 8.000000 0.000000 948.000000 10.000000
36 2.000000 60.000000 5.000000 823.000000 948.000000 10.000000
37 20.000000 20.000000 8.000000 0.000000 968.000000 10.000000
38 5.000000 5.000000 16.000000 0.000000 947.000000 10.000000
39 60.000000 12.000000 31.000000 284.000000 440.000000 10.000000
40 40.000000 25.000000 9.000000 733.000000 829.000000 10.000000
41 42.000000 7.000000 5.000000 782.000000 912.000000 10.000000
42 24.000000 12.000000 5.000000 0.000000 964.000000 10.000000
43 23.000000 3.000000 7.000000 381.000000 559.000000 10.000000
44 11.000000 14.000000 18.000000 578.000000 714.000000 10.000000
45 6.000000 38.000000 16.000000 779.000000 960.000000 10.000000
46 2.000000 48.000000 1.000000 58.000000 194.000000 10.000000
47 8.000000 56.000000 27.000000 619.000000 763.000000 10.000000
48 13.000000 52.000000 36.000000 418.000000 558.000000 10.000000
49 6.000000 68.000000 30.000000 0.000000 946.000000 10.000000
50 47.000000 47.000000 13.000000 507.000000 599.000000 10.000000
51 49.000000 58.000000 10.000000 776.000000 906.000000 10.000000
52 27.000000 43.000000 9.000000 233.000000 391.000000 10.000000
53 37.000000 31.000000 14.000000 0.000000 985.000000 10.000000
54 57.000000 29.000000 18.000000 23.000000 144.000000 10.000000
55 63.000000 23.000000 2.000000 420.000000 590.000000 10.000000
56 53.000000 12.000000 6.000000 0.000000 960.000000 10.000000
57 32.000000 12.000000 7.000000 471.000000 587.000000 10.000000
58 36.000000 26.000000 18.000000 399.000000 515.000000 10.000000
59 21.000000 24.000000 28.000000 18.000000 140.000000 10.000000
60 17.000000 34.000000 3.000000 589.000000 721.000000 10.000000
61 12.000000 24.000000 13.000000 329.000000 551.000000 10.000000
62 24.000000 58.000000 19.000000 840.000000 964.000000 10.000000
63 27.000000 69.000000 10.000000 779.000000 943.000000 10.000000
64 15.000000 77.000000 9.000000 719.000000 821.000000 10.000000
65 62.000000 77.000000 20.000000 113.000000 215.000000 10.000000
66 49.000000 73.000000 25.000000 602.000000 752.000000 10.000000
67 67.000000 5.000000 25.000000 69.000000 199.000000 10.000000
68 56.000000 39.000000 36.000000 318.000000 466.000000 10.000000
69 37.000000 47.000000 6.000000 0.000000 977.000000 10.000000
70 37.000000 56.000000 5.000000 0.000000 968.000000 10.000000
71 57.000000 68.000000 15.000000 0.000000 950.000000 10.000000
72 47.000000 16.000000 25.000000 104.000000 252.000000 10.000000
73 44.000000 17.000000 9.000000 878.000000 960.000000 10.000000
74 46.000000 13.000000 8.000000 0.000000 965.000000 10.000000
75 49.000000 11.000000 18.000000 0.000000 962.000000 10.000000
76 49.000000 42.000000 13.000000 222.000000 350.000000 10.000000
77 53.000000 43.000000 14.000000 86.000000 224.000000 10.000000
78 61.000000 52.000000 3.000000 230.000000 408.000000 10.000000
79 57.000000 48.000000 23.000000 0.000000 964.000000 10.000000
80 56.000000 37.000000 6.000000 22.000000 184.000000 10.000000
81 55.000000 54.000000 26.000000 28.000000 138.000000 10.000000
82 15.000000 47.000000 16.000000 697.000000 803.000000 10.000000
83 14.000000 37.000000 11.000000 545.000000 677.000000 10.000000
84 11.000000 31.000000 7.000000 0.000000 965.000000 10.000000
85 16.000000 22.000000 41.000000 552.000000 744.000000 10.000000
86 4.000000 18.000000 35.000000 877.000000 947.000000 10.000000
87 28.000000 18.000000 26.000000 530.000000 568.000000 10.000000
88 26.000000 52.000000 9.000000 318.000000 464.000000 10.000000
89 26.000000 35.000000 15.000000 0.000000 981.000000 10.000000
90 31.000000 67.000000 3.000000 532.000000 636.000000 10.000000
91 15.000000 19.000000 1.000000 463.000000 617.000000 10.000000
92 22.000000 22.000000 2.000000 223.000000 399.000000 10.000000
93 18.000000 24.000000 22.000000 0.000000 969.000000 10.000000
94 26.000000 27.000000 27.000000 534.000000 642.000000 10.000000
95 25.000000 24.000000 20.000000 15.000000 179.000000 10.000000
96 22.000000 27.000000 11.000000 874.000000 948.000000 10.000000
97 25.000000 21.000000 12.000000 566.000000 636.000000 10.000000
98 19.000000 21.000000 10.000000 0.000000 968.000000 10.000000
99 20.000000 26.000000 9.000000 101.000000 193.000000 10.000000
100 18.000000 18.000000 17.000000 118.000000 148.000000 10.000000
101 35.000000 35.000000 0.000000 0.000000 1000.000000 0.000000
102 61.000000 37.000000 0.000000 0.000000 1000.000000 0.000000
103 74.000000 39.000000 0.000000 0.000000 1000.000000 0.000000
104 47.000000 57.000000 0.000000 0.000000 1000.000000 0.000000
105 57.000000 65.000000 0.000000 0.000000 1000.000000 0.000000
106 29.000000 59.000000 0.000000 0.000000 1000.000000 0.000000
107 34.000000 71.000000 0.000000 0.000000 1000.000000 0.000000
108 22.000000 58.000000 0.000000 0.000000 1000.000000 0.000000
109 7.000000 61.000000 0.000000 0.000000 1000.000000 0.000000
110 18.000000 41.000000 0.000000 0.000000 1000.000000 0.000000
111 5.000000 39.000000 0.000000 0.000000 1000.000000 0.000000
112 14.000000 20.000000 0.000000 0.000000 1000.000000 0.000000
113 0.000000 26.000000 0.000000 0.000000 1000.000000 0.000000
114 24.000000 25.000000 0.000000 0.000000 1000.000000 0.000000
115 26.000000 6.000000 0.000000 0.000000 1000.000000 0.000000
116 34.000000 20.000000 0.000000 0.000000 1000.000000 0.000000
117 41.000000 5.000000 0.000000 0.000000 1000.000000 0.000000
118 50.000000 9.000000 0.000000 0.000000 1000.000000 0.000000
119 61.000000 14.000000 0.000000 0.000000 1000.000000 0.000000
120 62.000000 21.000000 0.000000 0.000000 1000.000000 0.000000
121 74.000000 30.000000 0.000000 0.000000 1000.000000 0.000000
