122 100 181.23 1000
0 35.000000 35.000000 0.000000 0.000000 1000.000000 0.000000
1 41.000000 49.000000 10.000000 16.000000 256.000000 10.000000
2 35.000000 17.000000 7.000000 0.000000 972.000000 10.000000
3 55.000000 45.000000 13.000000 721.000000 961.000000 10.000000
4 55.000000 20.000000 19.000000 672.000000 912.000000 10.000000
5 15.000000 30.000000 26.000000 0.000000 969.000000 10.000000
6 25.000000 30.000000 3.000000 512.000000 752.000000 10.000000
7 20.000000 50.000000 5.000000 22.000000 262.000000 10.000000
8 10.000000 43.000000 9.000000 27.000000 267.000000 10.000000
9 55.000000 60.000000 16.000000 0.000000 957.000000 10.000000
10 30.000000 60.000000 16.000000 0.000000 964.000000 10.000000
11 20.000000 65.000000 12.000000 641.000000 881.000000 10.000000
12 50.000000 35.000000 19.000000 735.000000 975.000000 10.000000
13 30.000000 25.000000 23.000000 0.000000 978.000000 10.000000
14 15.000000 10.000000 20.000000 119.000000 359.000000 10.000000
15 30.000000 5.000000 8.000000 719.000000 959.000000 10.000000
16 10.000000 20.000000 19.000000 476.000000 716.000000 10.000000
17 5.000000 30.000000 2.000000 682.000000 922.000000 10.000000
18 20.000000 40.000000 12.000000 0.000000 974.000000 10.000000
19 15.000000 60.000000 17.000000 178.000000 418.000000 10.000000
20 45.000000 65.000000 9.000000 604.000000 844.000000 10.000000
21 45.000000 20.000000 11.000000 0.000000 971.000000 10.000000
22 45.000000 10.000000 18.000000 0.000000 963.000000 10.000000
23 55.000000 5.000000 29.000000 64.000000 304.000000 10.000000
24 65.000000 35.000000 3.000000 0.000000 960.000000 10.000000
25 65.000000 20.000000 6.000000 0.000000 956.000000 10.000000
26 45.000000 30.000000 17.000000 73.000000 313.000000 10.000000
27 35.000000 40.000000 16.000000 268.000000 508.000000 10.000000
28 41.000000 37.000000 16.000000 0.000000 983.000000 10.000000
29 64.000000 42.000000 9.000000 720.000000 960.000000 10.000000
30 40.000000 60.000000 21.000000 454.000000 694.000000 10.000000
31 31.000000 52.000000 27.000000 580.000000 820.000000 10.000000
32 35.000000 69.000000 23.000000 367.000000 607.000000 10.000000
33 53.000000 52.000000 11.000000 209.000000 449.000000 10.000000
34 65.000000 55.000000 14.000000 0.000000 953.000000 10.000000
35 63.000000 65.000000 8.000000 690.000000 930.000000 10.000000
36 2.000000 60.000000 5.000000 708.000000 948.000000 10.000000
37 20.000000 20.000000 8.000000 469.000000 709.000000 10.000000
38 5.000000 5.000000 16.000000 540.000000 780.000000 10.000000
39 60.000000 12.000000 31.000000 242.000000 482.000000 10.000000
40 40.000000 25.000000 9.000000 661.000000 901.000000 10.000000
41 42.000000 7.000000 5.000000 721.000000 961.000000 10.000000
42 24.000000 12.000000 5.000000 26.000000 266.000000 10.000000
43 23.000000 3.000000 7.000000 350.000000 590.000000 10.000000
44 11.000000 14.000000 18.000000 526.000000 766.000000 10.000000
45 6.000000 38.000000 16.000000 720.000000 960.000000 10.000000
46 2.000000 48.000000 1.000000 36.000000 276.000000 10.000000
47 8.000000 56.000000 27.000000 0.000000 955.000000 10.000000
48 13.000000 52.000000 36.000000 368.000000 608.000000 10.000000
49 6.000000 68.000000 30.000000 703.000000 943.000000 10.000000
50 47.000000 47.000000 13.000000 433.000000 673.000000 10.000000
51 49.000000 58.000000 10.000000 721.000000 961.000000 10.000000
52 27.000000 43.000000 9.000000 192.000000 432.000000 10.000000
53 37.000000 31.000000 14.000000 0.000000 985.000000 10.000000
54 57.000000 29.000000 18.000000 23.000000 263.000000 10.000000
55 63.000000 23.000000 2.000000 0.000000 959.000000 10.000000
56 53.000000 12.000000 6.000000 720.000000 960.000000 10.000000
57 32.000000 12.000000 7.000000 409.000000 649.000000 10.000000
58 36.000000 26.000000 18.000000 337.000000 577.000000 10.000000
59 21.000000 24.000000 28.000000 18.000000 258.000000 10.000000
60 17.000000 34.000000 3.000000 0.000000 971.000000 10.000000
61 12.000000 24.000000 13.000000 320.000000 560.000000 10.000000
62 24.000000 58.000000 19.000000 0.000000 964.000000 10.000000
63 27.000000 69.000000 10.000000 715.000000 955.000000 10.000000
64 15.000000 77.000000 9.000000 650.000000 890.000000 10.000000
65 62.000000 77.000000 20.000000 50.000000 290.000000 10.000000
66 49.000000 73.000000 25.000000 557.000000 797.000000 10.000000
67 67.000000 5.000000 25.000000 0.000000 946.000000 10.000000
68 56.000000 39.000000 36.000000 272.000000 512.000000 10.000000
69 37.000000 47.000000 6.000000 410.000000 650.000000 10.000000
70 37.000000 56.000000 5.000000 22.000000 262.000000 10.000000
71 57.000000 68.000000 15.000000 633.000000 873.000000 10.000000
72 47.000000 16.000000 25.000000 58.000000 298.000000 10.000000
73 44.000000 17.000000 9.000000 729.000000 969.000000 10.000000
74 46.000000 13.000000 8.000000 382.000000 622.000000 10.000000
75 49.000000 11.000000 18.000000 0.000000 962.000000 10.000000
76 49.000000 42.000000 13.000000 166.000000 406.000000 10.000000
77 53.000000 43.000000 14.000000 35.000000 275.000000 10.000000
78 61.000000 52.000000 3.000000 199.000000 439.000000 10.000000
79 57.000000 48.000000 23.000000 26.000000 266.000000 10.000000
80 56.000000 37.000000 6.000000 22.000000 262.000000 10.000000
81 55.000000 54.000000 26.000000 0.000000 962.000000 10.000000
82 15.000000 47.000000 16.000000 630.000000 870.000000 10.000000
83 14.000000 37.000000 11.000000 491.000000 731.000000 10.000000
84 11.000000 31.000000 7.000000 261.000000 501.000000 10.000000
85 16.000000 22.000000 41.000000 528.000000 768.000000 10.000000
86 4.000000 18.000000 35.000000 714.000000 954.000000 10.000000
87 28.000000 18.000000 26.000000 429.000000 669.000000 10.000000
88 26.000000 52.000000 9.000000 271.000000 511.000000 10.000000
89 26.000000 35.000000 15.000000 506.000000 746.000000 10.000000
90 31.000000 67.000000 3.000000 464.000000 704.000000 10.000000
91 15.000000 19.000000 1.000000 420.000000 660.000000 10.000000
92 22.000000 22.000000 2.000000 191.000000 431.000000 10.000000
93 18.000000 24.000000 22.000000 0.000000 969.000000 10.000000
94 26.000000 27.000000 27.000000 0.000000 977.000000 10.000000
95 25.000000 24.000000 20.000000 15.000000 255.000000 10.000000
96 22.000000 27.000000 11.000000 734.000000 974.000000 10.000000
97 25.000000 21.000000 12.000000 0.000000 972.000000 10.000000
98 19.000000 21.000000 10.000000 0.000000 968.000000 10.000000
99 20.000000 26.000000 9.000000 27.000000 267.000000 10.000000
100 18.000000 18.000000 17.000000 0.000000 965.000000 10.000000
101 35.000000 35.000000 0.000000 0.000000 1000.000000 0.000000
102 61.000000 37.000000 0.000000 0.000000 1000.000000 0.000000
103 74.000000 39.000000 0.000000 0.000000 1000.000000 0.000000
104 47.000000 57.000000 0.000000 0.000000 1000.000000 0.000000
105 57.000000 65.000000 0.000000 0.000000 1000.000000 0.000000
106 29.000000 59.000000 0.000000 0.000000 1000.000000 0.000000
107 34.000000 71.000000 0.000000 0.000000 1000.000000 0.000000
108 22.000000 58.000000 0.000000 0.000000 1000.000000 0.000000
109 7.000000 61.000000 0.000000 0.000000 1000.000000 0.000000
110 18.000000 41.000000 0.000000 0.000000 1000.000000 0.000000
111 5.000000 39.000000 0.000000 0.000000 1000.000000 0.000000
112 14.000000 20.000000 0.000000 0.000000 1000.000000 0.000000
113 0.000000 26.000000 0.000000 0.000000 1000.000000 0.000000
114 24.000000 25.000000 0.000000 0.000000 1000.000000 0.000000
115 26.000000 6.000000 0.000000 0.000000 1000.000000 0.000000
116 34.000000 20.000000 0.000000 0.000000 1000.000000 0.000000
117 41.000000 5.000000 0.000000 0.000000 1000.000000 0.000000
118 50.000000 9.000000 0.000000 0.000000 1000.000000 0.000000
119 61.000000 14.000000 0.000000 0.000000 1000.000000 0.000000
120 62.000000 21.000000 0.000000 0.000000 1000.000000 0.000000
121 74.000000 30.000000 0.000000 0.000000 1000.000000 0.000000
