122 100 187.86 1000
0 35.000000 35.000000 0.000000 0.000000 1000.000000 0.000000
1 41.000000 49.000000 10.000000 16.000000 190.000000 10.000000
2 35.000000 17.000000 7.000000 18.000000 567.000000 10.000000
3 55.000000 45.000000 13.000000 61.000000 967.000000 10.000000
4 55.000000 20.000000 19.000000 727.000000 857.000000 10.000000
5 15.000000 30.000000 26.000000 21.000000 647.000000 10.000000
6 25.000000 30.000000 3.000000 344.000000 920.000000 10.000000
7 20.000000 50.000000 5.000000 22.000000 159.000000 10.000000
8 10.000000 43.000000 9.000000 27.000000 434.000000 10.000000
9 55.000000 60.000000 16.000000 371.000000 887.000000 10.000000
10 30.000000 60.000000 16.000000 487.000000 789.000000 10.000000
11 20.000000 65.000000 12.000000 569.000000 953.000000 10.000000
12 50.000000 35.000000 19.000000 810.000000 974.000000 10.000000
13 30.000000 25.000000 23.000000 12.000000 398.000000 10.000000
14 15.000000 10.000000 20.000000 33.000000 479.000000 10.000000
15 30.000000 5.000000 8.000000 711.000000 959.000000 10.000000
16 10.000000 20.000000 19.000000 353.000000 839.000000 10.000000
17 5.000000 30.000000 2.000000 660.000000 944.000000 10.000000
18 20.000000 40.000000 12.000000 296.000000 620.000000 10.000000
19 15.000000 60.000000 17.000000 78.000000 518.000000 10.000000
20 45.000000 65.000000 9.000000 624.000000 824.000000 10.000000
21 45.000000 20.000000 11.000000 19.000000 556.000000 10.000000
22 45.000000 10.000000 18.000000 574.000000 963.000000 10.000000
23 55.000000 5.000000 29.000000 37.000000 775.000000 10.000000
24 65.000000 35.000000 3.000000 635.000000 960.000000 10.000000
25 65.000000 20.000000 6.000000 34.000000 376.000000 10.000000
26 45.000000 30.000000 17.000000 12.000000 389.000000 10.000000
27 35.000000 40.000000 16.000000 23.000000 753.000000 10.000000
28 41.000000 37.000000 16.000000 182.000000 670.000000 10.000000
29 64.000000 42.000000 9.000000 623.000000 960.000000 10.000000
30 40.000000 60.000000 21.000000 418.000000 730.000000 10.000000
31 31.000000 52.000000 27.000000 18.000000 972.000000 10.000000
32 35.000000 69.000000 23.000000 297.000000 677.000000 10.000000
33 53.000000 52.000000 11.000000 25.000000 643.000000 10.000000
34 65.000000 55.000000 14.000000 37.000000 473.000000 10.000000
35 63.000000 65.000000 8.000000 276.000000 948.000000 10.000000
36 2.000000 60.000000 5.000000 536.000000 948.000000 10.000000
37 20.000000 20.000000 8.000000 222.000000 956.000000 10.000000
38 5.000000 5.000000 16.000000 390.000000 930.000000 10.000000
39 60.000000 12.000000 31.000000 61.000000 663.000000 10.000000
40 40.000000 25.000000 9.000000 660.000000 902.000000 10.000000
41 42.000000 7.000000 5.000000 520.000000 961.000000 10.000000
42 24.000000 12.000000 5.000000 26.000000 182.000000 10.000000
43 23.000000 3.000000 7.000000 107.000000 833.000000 10.000000
44 11.000000 14.000000 18.000000 409.000000 883.000000 10.000000
45 6.000000 38.000000 16.000000 214.000000 960.000000 10.000000
46 2.000000 48.000000 1.000000 36.000000 512.000000 10.000000
47 8.000000 56.000000 27.000000 426.000000 955.000000 10.000000
48 13.000000 52.000000 36.000000 240.000000 736.000000 10.000000
49 6.000000 68.000000 30.000000 546.000000 946.000000 10.000000
50 47.000000 47.000000 13.000000 445.000000 661.000000 10.000000
51 49.000000 58.000000 10.000000 518.000000 963.000000 10.000000
52 27.000000 43.000000 9.000000 12.000000 628.000000 10.000000
53 37.000000 31.000000 14.000000 238.000000 666.000000 10.000000
54 57.000000 29.000000 18.000000 23.000000 412.000000 10.000000
55 63.000000 23.000000 2.000000 161.000000 849.000000 10.000000
56 53.000000 12.000000 6.000000 384.000000 960.000000 10.000000
57 32.000000 12.000000 7.000000 348.000000 710.000000 10.000000
58 36.000000 26.000000 18.000000 275.000000 639.000000 10.000000
59 21.000000 24.000000 28.000000 18.000000 411.000000 10.000000
60 17.000000 34.000000 3.000000 426.000000 884.000000 10.000000
61 12.000000 24.000000 13.000000 26.000000 964.000000 10.000000
62 24.000000 58.000000 19.000000 560.000000 964.000000 10.000000
63 27.000000 69.000000 10.000000 303.000000 955.000000 10.000000
64 15.000000 77.000000 9.000000 631.000000 909.000000 10.000000
65 62.000000 77.000000 20.000000 50.000000 325.000000 10.000000
66 49.000000 73.000000 25.000000 389.000000 949.000000 10.000000
67 67.000000 5.000000 25.000000 44.000000 483.000000 10.000000
68 56.000000 39.000000 36.000000 119.000000 665.000000 10.000000
69 37.000000 47.000000 6.000000 326.000000 734.000000 10.000000
70 37.000000 56.000000 5.000000 22.000000 272.000000 10.000000
71 57.000000 68.000000 15.000000 663.000000 843.000000 10.000000
72 47.000000 16.000000 25.000000 23.000000 568.000000 10.000000
73 44.000000 17.000000 9.000000 809.000000 969.000000 10.000000
74 46.000000 13.000000 8.000000 386.000000 618.000000 10.000000
75 49.000000 11.000000 18.000000 459.000000 713.000000 10.000000
76 49.000000 42.000000 13.000000 69.000000 503.000000 10.000000
77 53.000000 43.000000 14.000000 20.000000 507.000000 10.000000
78 61.000000 52.000000 3.000000 32.000000 769.000000 10.000000
79 57.000000 48.000000 23.000000 26.000000 425.000000 10.000000
80 56.000000 37.000000 6.000000 22.000000 656.000000 10.000000
81 55.000000 54.000000 26.000000 28.000000 348.000000 10.000000
82 15.000000 47.000000 16.000000 604.000000 896.000000 10.000000
83 14.000000 37.000000 11.000000 384.000000 838.000000 10.000000
84 11.000000 31.000000 7.000000 146.000000 616.000000 10.000000
85 16.000000 22.000000 41.000000 151.000000 966.000000 10.000000
86 4.000000 18.000000 35.000000 872.000000 952.000000 10.000000
87 28.000000 18.000000 26.000000 549.000000 549.000000 10.000000
88 26.000000 52.000000 9.000000 124.000000 658.000000 10.000000
89 26.000000 35.000000 15.000000 354.000000 898.000000 10.000000
90 31.000000 67.000000 3.000000 443.000000 725.000000 10.000000
91 15.000000 19.000000 1.000000 245.000000 835.000000 10.000000
92 22.000000 22.000000 2.000000 19.000000 736.000000 10.000000
93 18.000000 24.000000 22.000000 538.000000 670.000000 10.000000
94 26.000000 27.000000 27.000000 430.000000 746.000000 10.000000
95 25.000000 24.000000 20.000000 15.000000 658.000000 10.000000
96 22.000000 27.000000 11.000000 859.000000 963.000000 10.000000
97 25.000000 21.000000 12.000000 558.000000 644.000000 10.000000
98 19.000000 21.000000 10.000000 304.000000 662.000000 10.000000
99 20.000000 26.000000 9.000000 41.000000 253.000000 10.000000
100 18.000000 18.000000 17.000000 133.000000 133.000000 10.000000
101 35.000000 35.000000 0.000000 0.000000 1000.000000 0.000000
102 61.000000 37.000000 0.000000 0.000000 1000.000000 0.000000
103 74.000000 39.000000 0.000000 0.000000 1000.000000 0.000000
104 47.000000 57.000000 0.000000 0.000000 1000.000000 0.000000
105 57.000000 65.000000 0.000000 0.000000 1000.000000 0.000000
106 29.000000 59.000000 0.000000 0.000000 1000.000000 0.000000
107 34.000000 71.000000 0.000000 0.000000 1000.000000 0.000000
108 22.000000 58.000000 0.000000 0.000000 1000.000000 0.000000
109 7.000000 61.000000 0.000000 0.000000 1000.000000 0.000000
110 18.000000 41.000000 0.000000 0.000000 1000.000000 0.000000
111 5.000000 39.000000 0.000000 0.000000 1000.000000 0.000000
112 14.000000 20.000000 0.000000 0.000000 1000.000000 0.000000
113 0.000000 26.000000 0.000000 0.000000 1000.000000 0.000000
114 24.000000 25.000000 0.000000 0.000000 1000.000000 0.000000
115 26.000000 6.000000 0.000000 0.000000 1000.000000 0.000000
116 34.000000 20.000000 0.000000 0.000000 1000.000000 0.000000
117 41.000000 5.000000 0.000000 0.000000 1000.000000 0.000000
118 50.000000 9.000000 0.000000 0.000000 1000.000000 0.000000
119 61.000000 14.000000 0.000000 0.000000 1000.000000 0.000000
120 62.000000 21.000000 0.000000 0.000000 1000.000000 0.000000
121 74.000000 30.000000 0.000000 0.000000 1000.000000 0.000000
