122 100 194.58 1000
0 40.000000 50.000000 0.000000 0.000000 960.000000 0.000000
1 25.000000 85.000000 20.000000 319.000000 401.000000 10.000000
2 22.000000 75.000000 30.000000 31.000000 364.000000 10.000000
3 22.000000 85.000000 10.000000 113.000000 683.000000 10.000000
4 20.000000 80.000000 40.000000 746.000000 798.000000 10.000000
5 20.000000 85.000000 20.000000 525.000000 909.000000 10.000000
6 18.000000 75.000000 20.000000 142.000000 494.000000 10.000000
7 15.000000 75.000000 20.000000 160.000000 218.000000 10.000000
8 15.000000 80.000000 10.000000 381.000000 619.000000 10.000000
9 10.000000 35.000000 20.000000 559.000000 869.000000 10.000000
10 10.000000 40.000000 30.000000 382.000000 550.000000 10.000000
11 8.000000 40.000000 40.000000 349.000000 573.000000 10.000000
12 8.000000 45.000000 20.000000 841.000000 917.000000 10.000000
13 5.000000 35.000000 10.000000 39.000000 263.000000 10.000000
14 5.000000 45.000000 10.000000 126.000000 390.000000 10.000000
15 2.000000 40.000000 20.000000 742.000000 874.000000 10.000000
16 0.000000 40.000000 20.000000 94.000000 386.000000 10.000000
17 0.000000 45.000000 20.000000 158.000000 314.000000 10.000000
18 44.000000 5.000000 20.000000 720.000000 904.000000 10.000000
19 42.000000 10.000000 40.000000 41.000000 302.000000 10.000000
20 42.000000 15.000000 10.000000 218.000000 318.000000 10.000000
21 40.000000 5.000000 10.000000 420.000000 744.000000 10.000000
22 40.000000 15.000000 40.000000 568.000000 794.000000 10.000000
23 38.000000 5.000000 30.000000 100.000000 558.000000 10.000000
24 38.000000 15.000000 10.000000 129.000000 313.000000 10.000000
25 35.000000 5.000000 20.000000 46.000000 240.000000 10.000000
26 95.000000 30.000000 30.000000 673.000000 891.000000 10.000000
27 95.000000 35.000000 20.000000 439.000000 892.000000 10.000000
28 92.000000 30.000000 10.000000 67.000000 359.000000 10.000000
29 90.000000 35.000000 10.000000 466.000000 656.000000 10.000000
30 88.000000 30.000000 10.000000 389.000000 563.000000 10.000000
31 88.000000 35.000000 20.000000 281.000000 899.000000 10.000000
32 87.000000 30.000000 10.000000 79.000000 299.000000 10.000000
33 85.000000 25.000000 10.000000 519.000000 898.000000 10.000000
34 85.000000 35.000000 30.000000 48.000000 305.000000 10.000000
35 67.000000 85.000000 20.000000 491.000000 905.000000 10.000000
36 65.000000 85.000000 40.000000 457.000000 697.000000 10.000000
37 65.000000 82.000000 10.000000 84.000000 540.000000 10.000000
38 62.000000 80.000000 30.000000 38.000000 365.000000 10.000000
39 60.000000 80.000000 10.000000 545.000000 913.000000 10.000000
40 60.000000 85.000000 30.000000 508.000000 636.000000 10.000000
41 58.000000 75.000000 20.000000 187.000000 447.000000 10.000000
42 55.000000 80.000000 10.000000 545.000000 615.000000 10.000000
43 55.000000 85.000000 20.000000 39.000000 490.000000 10.000000
44 55.000000 82.000000 10.000000 369.000000 651.000000 10.000000
45 20.000000 82.000000 10.000000 448.000000 912.000000 10.000000
46 18.000000 80.000000 10.000000 628.000000 912.000000 10.000000
47 2.000000 45.000000 10.000000 160.000000 478.000000 10.000000
48 42.000000 5.000000 10.000000 46.000000 344.000000 10.000000
49 42.000000 12.000000 10.000000 152.000000 384.000000 10.000000
50 72.000000 35.000000 30.000000 741.000000 851.000000 10.000000
51 55.000000 20.000000 19.000000 411.000000 673.000000 10.000000
52 25.000000 30.000000 3.000000 425.000000 801.000000 10.000000
53 20.000000 50.000000 5.000000 201.000000 453.000000 10.000000
54 55.000000 60.000000 16.000000 504.000000 730.000000 10.000000
55 30.000000 60.000000 16.000000 508.000000 934.000000 10.000000
56 50.000000 35.000000 19.000000 69.000000 419.000000 10.000000
57 30.000000 25.000000 23.000000 182.000000 390.000000 10.000000
58 15.000000 10.000000 20.000000 399.000000 607.000000 10.000000
59 10.000000 20.000000 19.000000 601.000000 829.000000 10.000000
60 15.000000 60.000000 17.000000 27.000000 299.000000 10.000000
61 45.000000 65.000000 9.000000 305.000000 934.000000 10.000000
62 65.000000 35.000000 3.000000 80.000000 316.000000 10.000000
63 65.000000 20.000000 6.000000 176.000000 576.000000 10.000000
64 45.000000 30.000000 17.000000 612.000000 764.000000 10.000000
65 35.000000 40.000000 16.000000 13.000000 163.000000 10.000000
66 41.000000 37.000000 16.000000 474.000000 814.000000 10.000000
67 64.000000 42.000000 9.000000 26.000000 285.000000 10.000000
68 40.000000 60.000000 21.000000 609.000000 940.000000 10.000000
69 31.000000 52.000000 27.000000 10.000000 249.000000 10.000000
70 35.000000 69.000000 23.000000 391.000000 525.000000 10.000000
71 65.000000 55.000000 14.000000 812.000000 898.000000 10.000000
72 63.000000 65.000000 8.000000 226.000000 556.000000 10.000000
73 2.000000 60.000000 5.000000 313.000000 387.000000 10.000000
74 20.000000 20.000000 8.000000 791.000000 913.000000 10.000000
75 5.000000 5.000000 16.000000 376.000000 512.000000 10.000000
76 60.000000 12.000000 31.000000 43.000000 299.000000 10.000000
77 23.000000 3.000000 7.000000 50.000000 341.000000 10.000000
78 8.000000 56.000000 27.000000 183.000000 641.000000 10.000000
79 6.000000 68.000000 30.000000 39.000000 272.000000 10.000000
80 47.000000 47.000000 13.000000 215.000000 603.000000 10.000000
81 49.000000 58.000000 10.000000 754.000000 934.000000 10.000000
82 27.000000 43.000000 9.000000 488.000000 650.000000 10.000000
83 37.000000 31.000000 14.000000 359.000000 627.000000 10.000000
84 57.000000 29.000000 18.000000 642.000000 922.000000 10.000000
85 63.000000 23.000000 2.000000 36.000000 546.000000 10.000000
86 21.000000 24.000000 28.000000 423.000000 443.000000 10.000000
87 12.000000 24.000000 13.000000 441.000000 441.000000 10.000000
88 24.000000 58.000000 19.000000 460.000000 782.000000 10.000000
89 67.000000 5.000000 25.000000 567.000000 897.000000 10.000000
90 37.000000 47.000000 6.000000 63.000000 217.000000 10.000000
91 49.000000 42.000000 13.000000 319.000000 679.000000 10.000000
92 53.000000 43.000000 14.000000 491.000000 935.000000 10.000000
93 61.000000 52.000000 3.000000 350.000000 404.000000 10.000000
94 57.000000 48.000000 23.000000 690.000000 868.000000 10.000000
95 56.000000 37.000000 6.000000 392.000000 786.000000 10.000000
96 55.000000 54.000000 26.000000 319.000000 355.000000 10.000000
97 4.000000 18.000000 35.000000 830.000000 854.000000 10.000000
98 26.000000 52.000000 9.000000 175.000000 381.000000 10.000000
99 26.000000 35.000000 15.000000 21.000000 129.000000 10.000000
100 31.000000 67.000000 3.000000 528.000000 528.000000 10.000000
101 40.000000 50.000000 0.000000 0.000000 960.000000 0.000000
102 73.000000 52.000000 0.000000 0.000000 960.000000 0.000000
103 90.000000 55.000000 0.000000 0.000000 960.000000 0.000000
104 55.000000 79.000000 0.000000 0.000000 960.000000 0.000000
105 69.000000 89.000000 0.000000 0.000000 960.000000 0.000000
106 32.000000 80.000000 0.000000 0.000000 960.000000 0.000000
107 39.000000 96.000000 0.000000 0.000000 960.000000 0.000000
108 23.000000 80.000000 0.000000 0.000000 960.000000 0.000000
109 4.000000 83.000000 0.000000 0.000000 960.000000 0.000000
110 18.000000 58.000000 0.000000 0.000000 960.000000 0.000000
111 1.000000 56.000000 0.000000 0.000000 960.000000 0.000000
112 13.000000 31.000000 0.000000 0.000000 960.000000 0.000000
113 -5.000000 38.000000 0.000000 0.000000 960.000000 0.000000
114 26.000000 37.000000 0.000000 0.000000 960.000000 0.000000
115 28.000000 13.000000 0.000000 0.000000 960.000000 0.000000
116 39.000000 31.000000 0.000000 0.000000 960.000000 0.000000
117 48.000000 11.000000 0.000000 0.000000 960.000000 0.000000
118 59.000000 17.000000 0.000000 0.000000 960.000000 0.000000
119 73.000000 23.000000 0.000000 0.000000 960.000000 0.000000
120 74.000000 32.000000 0.000000 0.000000 960.000000 0.000000
121 90.000000 44.000000 0.000000 0.000000 960.000000 0.000000
