122 100 229.26 1000
0 40.000000 50.000000 0.000000 0.000000 960.000000 0.000000
1 25.000000 85.000000 20.000000 240.000000 480.000000 10.000000
2 22.000000 75.000000 30.000000 31.000000 271.000000 10.000000
3 22.000000 85.000000 10.000000 278.000000 518.000000 10.000000
4 20.000000 80.000000 40.000000 652.000000 892.000000 10.000000
5 20.000000 85.000000 20.000000 669.000000 909.000000 10.000000
6 18.000000 75.000000 20.000000 198.000000 438.000000 10.000000
7 15.000000 75.000000 20.000000 69.000000 309.000000 10.000000
8 15.000000 80.000000 10.000000 380.000000 620.000000 10.000000
9 10.000000 35.000000 20.000000 594.000000 834.000000 10.000000
10 10.000000 40.000000 30.000000 346.000000 586.000000 10.000000
11 8.000000 40.000000 40.000000 341.000000 581.000000 10.000000
12 8.000000 45.000000 20.000000 677.000000 917.000000 10.000000
13 5.000000 35.000000 10.000000 39.000000 279.000000 10.000000
14 5.000000 45.000000 10.000000 138.000000 378.000000 10.000000
15 2.000000 40.000000 20.000000 670.000000 910.000000 10.000000
16 0.000000 40.000000 20.000000 120.000000 360.000000 10.000000
17 0.000000 45.000000 20.000000 116.000000 356.000000 10.000000
18 44.000000 5.000000 20.000000 664.000000 904.000000 10.000000
19 42.000000 10.000000 40.000000 41.000000 281.000000 10.000000
20 42.000000 15.000000 10.000000 148.000000 388.000000 10.000000
21 40.000000 5.000000 10.000000 462.000000 702.000000 10.000000
22 40.000000 15.000000 40.000000 561.000000 801.000000 10.000000
23 38.000000 5.000000 30.000000 209.000000 449.000000 10.000000
24 38.000000 15.000000 10.000000 101.000000 341.000000 10.000000
25 35.000000 5.000000 20.000000 46.000000 286.000000 10.000000
26 95.000000 30.000000 30.000000 651.000000 891.000000 10.000000
27 95.000000 35.000000 20.000000 615.000000 855.000000 10.000000
28 92.000000 30.000000 10.000000 93.000000 333.000000 10.000000
29 90.000000 35.000000 10.000000 441.000000 681.000000 10.000000
30 88.000000 30.000000 10.000000 356.000000 596.000000 10.000000
31 88.000000 35.000000 20.000000 659.000000 899.000000 10.000000
32 87.000000 30.000000 10.000000 69.000000 309.000000 10.000000
33 85.000000 25.000000 10.000000 658.000000 898.000000 10.000000
34 85.000000 35.000000 30.000000 56.000000 296.000000 10.000000
35 67.000000 85.000000 20.000000 587.000000 827.000000 10.000000
36 65.000000 85.000000 40.000000 457.000000 697.000000 10.000000
37 65.000000 82.000000 10.000000 192.000000 432.000000 10.000000
38 62.000000 80.000000 30.000000 45.000000 285.000000 10.000000
39 60.000000 80.000000 10.000000 673.000000 913.000000 10.000000
40 60.000000 85.000000 30.000000 452.000000 692.000000 10.000000
41 58.000000 75.000000 20.000000 197.000000 437.000000 10.000000
42 55.000000 80.000000 10.000000 460.000000 700.000000 10.000000
43 55.000000 85.000000 20.000000 42.000000 282.000000 10.000000
44 55.000000 82.000000 10.000000 390.000000 630.000000 10.000000
45 20.000000 82.000000 10.000000 586.000000 826.000000 10.000000
46 18.000000 80.000000 10.000000 672.000000 912.000000 10.000000
47 2.000000 45.000000 10.000000 199.000000 439.000000 10.000000
48 42.000000 5.000000 10.000000 46.000000 286.000000 10.000000
49 42.000000 12.000000 10.000000 148.000000 388.000000 10.000000
50 72.000000 35.000000 30.000000 674.000000 914.000000 10.000000
51 55.000000 20.000000 19.000000 422.000000 662.000000 10.000000
52 25.000000 30.000000 3.000000 493.000000 733.000000 10.000000
53 20.000000 50.000000 5.000000 207.000000 447.000000 10.000000
54 55.000000 60.000000 16.000000 497.000000 737.000000 10.000000
55 30.000000 60.000000 16.000000 601.000000 841.000000 10.000000
56 50.000000 35.000000 19.000000 124.000000 364.000000 10.000000
57 30.000000 25.000000 23.000000 166.000000 406.000000 10.000000
58 15.000000 10.000000 20.000000 383.000000 623.000000 10.000000
59 10.000000 20.000000 19.000000 595.000000 835.000000 10.000000
60 15.000000 60.000000 17.000000 27.000000 267.000000 10.000000
61 45.000000 65.000000 9.000000 558.000000 798.000000 10.000000
62 65.000000 35.000000 3.000000 78.000000 318.000000 10.000000
63 65.000000 20.000000 6.000000 256.000000 496.000000 10.000000
64 45.000000 30.000000 17.000000 568.000000 808.000000 10.000000
65 35.000000 40.000000 16.000000 12.000000 252.000000 10.000000
66 41.000000 37.000000 16.000000 524.000000 764.000000 10.000000
67 64.000000 42.000000 9.000000 26.000000 266.000000 10.000000
68 40.000000 60.000000 21.000000 684.000000 924.000000 10.000000
69 31.000000 52.000000 27.000000 10.000000 250.000000 10.000000
70 35.000000 69.000000 23.000000 338.000000 578.000000 10.000000
71 65.000000 55.000000 14.000000 684.000000 924.000000 10.000000
72 63.000000 65.000000 8.000000 271.000000 511.000000 10.000000
73 2.000000 60.000000 5.000000 230.000000 470.000000 10.000000
74 20.000000 20.000000 8.000000 673.000000 913.000000 10.000000
75 5.000000 5.000000 16.000000 324.000000 564.000000 10.000000
76 60.000000 12.000000 31.000000 43.000000 283.000000 10.000000
77 23.000000 3.000000 7.000000 50.000000 290.000000 10.000000
78 8.000000 56.000000 27.000000 292.000000 532.000000 10.000000
79 6.000000 68.000000 30.000000 39.000000 279.000000 10.000000
80 47.000000 47.000000 13.000000 289.000000 529.000000 10.000000
81 49.000000 58.000000 10.000000 697.000000 937.000000 10.000000
82 27.000000 43.000000 9.000000 449.000000 689.000000 10.000000
83 37.000000 31.000000 14.000000 373.000000 613.000000 10.000000
84 57.000000 29.000000 18.000000 682.000000 922.000000 10.000000
85 63.000000 23.000000 2.000000 38.000000 278.000000 10.000000
86 21.000000 24.000000 28.000000 313.000000 553.000000 10.000000
87 12.000000 24.000000 13.000000 321.000000 561.000000 10.000000
88 24.000000 58.000000 19.000000 501.000000 741.000000 10.000000
89 67.000000 5.000000 25.000000 657.000000 897.000000 10.000000
90 37.000000 47.000000 6.000000 20.000000 260.000000 10.000000
91 49.000000 42.000000 13.000000 379.000000 619.000000 10.000000
92 53.000000 43.000000 14.000000 635.000000 875.000000 10.000000
93 61.000000 52.000000 3.000000 257.000000 497.000000 10.000000
94 57.000000 48.000000 23.000000 659.000000 899.000000 10.000000
95 56.000000 37.000000 6.000000 469.000000 709.000000 10.000000
96 55.000000 54.000000 26.000000 217.000000 457.000000 10.000000
97 4.000000 18.000000 35.000000 661.000000 901.000000 10.000000
98 26.000000 52.000000 9.000000 158.000000 398.000000 10.000000
99 26.000000 35.000000 15.000000 21.000000 261.000000 10.000000
100 31.000000 67.000000 3.000000 408.000000 648.000000 10.000000
101 40.000000 50.000000 0.000000 0.000000 960.000000 0.000000
102 73.000000 52.000000 0.000000 0.000000 960.000000 0.000000
103 90.000000 55.000000 0.000000 0.000000 960.000000 0.000000
104 55.000000 79.000000 0.000000 0.000000 960.000000 0.000000
105 69.000000 89.000000 0.000000 0.000000 960.000000 0.000000
106 32.000000 80.000000 0.000000 0.000000 960.000000 0.000000
107 39.000000 96.000000 0.000000 0.000000 960.000000 0.000000
108 23.000000 80.000000 0.000000 0.000000 960.000000 0.000000
109 4.000000 83.000000 0.000000 0.000000 960.000000 0.000000
110 18.000000 58.000000 0.000000 0.000000 960.000000 0.000000
111 1.000000 56.000000 0.000000 0.000000 960.000000 0.000000
112 13.000000 31.000000 0.000000 0.000000 960.000000 0.000000
113 -5.000000 38.000000 0.000000 0.000000 960.000000 0.000000
114 26.000000 37.000000 0.000000 0.000000 960.000000 0.000000
115 28.000000 13.000000 0.000000 0.000000 960.000000 0.000000
116 39.000000 31.000000 0.000000 0.000000 960.000000 0.000000
117 48.000000 11.000000 0.000000 0.000000 960.000000 0.000000
118 59.000000 17.000000 0.000000 0.000000 960.000000 0.000000
119 73.000000 23.000000 0.000000 0.000000 960.000000 0.000000
120 74.000000 32.000000 0.000000 0.000000 960.000000 0.000000
121 90.000000 44.000000 0.000000 0.000000 960.000000 0.000000
