122 100 79.69 200
0 40.000000 50.000000 0.000000 0.000000 1236.000000 0.000000
1 45.000000 68.000000 10.000000 78.000000 140.000000 90.000000
2 45.000000 70.000000 30.000000 499.000000 553.000000 90.000000
3 42.000000 66.000000 10.000000 863.000000 931.000000 90.000000
4 42.000000 68.000000 10.000000 584.000000 656.000000 90.000000
5 42.000000 65.000000 10.000000 950.000000 1026.000000 90.000000
6 40.000000 69.000000 20.000000 683.000000 741.000000 90.000000
7 40.000000 66.000000 20.000000 774.000000 836.000000 90.000000
8 38.000000 68.000000 20.000000 1057.000000 1125.000000 90.000000
9 38.000000 70.000000 10.000000 958.000000 1040.000000 90.000000
10 35.000000 66.000000 10.000000 779.000000 845.000000 90.000000
11 35.000000 69.000000 10.000000 869.000000 941.000000 90.000000
12 25.000000 85.000000 20.000000 176.000000 228.000000 90.000000
13 22.000000 75.000000 30.000000 1042.000000 1106.000000 90.000000
14 22.000000 85.000000 10.000000 263.000000 327.000000 90.000000
15 20.000000 80.000000 40.000000 745.000000 789.000000 90.000000
16 20.000000 85.000000 40.000000 358.000000 416.000000 90.000000
17 18.000000 75.000000 20.000000 633.000000 711.000000 90.000000
18 15.000000 75.000000 20.000000 557.000000 601.000000 90.000000
19 15.000000 80.000000 10.000000 455.000000 513.000000 90.000000
20 30.000000 50.000000 10.000000 10.000000 70.000000 90.000000
21 30.000000 52.000000 20.000000 11.000000 73.000000 90.000000
22 28.000000 52.000000 20.000000 73.000000 131.000000 90.000000
23 28.000000 55.000000 10.000000 13.000000 70.000000 90.000000
24 25.000000 50.000000 10.000000 72.000000 138.000000 90.000000
25 25.000000 52.000000 40.000000 158.000000 232.000000 90.000000
26 25.000000 55.000000 10.000000 672.000000 744.000000 90.000000
27 23.000000 52.000000 10.000000 263.000000 311.000000 90.000000
28 23.000000 55.000000 20.000000 438.000000 510.000000 90.000000
29 20.000000 50.000000 10.000000 174.000000 226.000000 90.000000
30 20.000000 55.000000 10.000000 355.000000 407.000000 90.000000
31 10.000000 35.000000 20.000000 467.000000 517.000000 90.000000
32 10.000000 40.000000 30.000000 271.000000 337.000000 90.000000
33 8.000000 40.000000 40.000000 355.000000 437.000000 90.000000
34 8.000000 45.000000 20.000000 194.000000 244.000000 90.000000
35 5.000000 35.000000 10.000000 655.000000 725.000000 90.000000
36 5.000000 45.000000 10.000000 278.000000 346.000000 90.000000
37 2.000000 40.000000 20.000000 569.000000 619.000000 90.000000
38 0.000000 40.000000 30.000000 472.000000 532.000000 90.000000
39 0.000000 45.000000 20.000000 374.000000 440.000000 90.000000
40 35.000000 30.000000 10.000000 143.000000 199.000000 90.000000
41 35.000000 32.000000 10.000000 49.000000 109.000000 90.000000
42 33.000000 32.000000 20.000000 239.000000 289.000000 90.000000
43 33.000000 35.000000 10.000000 789.000000 849.000000 90.000000
44 32.000000 30.000000 10.000000 325.000000 387.000000 90.000000
45 30.000000 30.000000 10.000000 421.000000 475.000000 90.000000
46 30.000000 32.000000 30.000000 601.000000 665.000000 90.000000
47 30.000000 35.000000 10.000000 698.000000 754.000000 90.000000
48 28.000000 30.000000 10.000000 511.000000 569.000000 90.000000
49 28.000000 35.000000 10.000000 1011.000000 1073.000000 90.000000
50 26.000000 32.000000 10.000000 923.000000 975.000000 90.000000
51 25.000000 30.000000 10.000000 823.000000 889.000000 90.000000
52 25.000000 35.000000 10.000000 1042.000000 1102.000000 90.000000
53 44.000000 5.000000 20.000000 437.000000 511.000000 90.000000
54 42.000000 10.000000 40.000000 810.000000 868.000000 90.000000
55 42.000000 15.000000 10.000000 905.000000 963.000000 90.000000
56 40.000000 5.000000 30.000000 350.000000 410.000000 90.000000
57 40.000000 15.000000 40.000000 989.000000 1063.000000 90.000000
58 38.000000 5.000000 30.000000 256.000000 320.000000 90.000000
59 38.000000 15.000000 10.000000 66.000000 124.000000 90.000000
60 35.000000 5.000000 20.000000 167.000000 223.000000 90.000000
61 50.000000 30.000000 10.000000 980.000000 1064.000000 90.000000
62 50.000000 35.000000 20.000000 169.000000 229.000000 90.000000
63 50.000000 40.000000 50.000000 15.000000 85.000000 90.000000
64 48.000000 30.000000 10.000000 263.000000 325.000000 90.000000
65 48.000000 40.000000 10.000000 67.000000 139.000000 90.000000
66 47.000000 35.000000 10.000000 1068.000000 1129.000000 90.000000
67 47.000000 40.000000 10.000000 13.000000 88.000000 90.000000
68 45.000000 30.000000 10.000000 354.000000 420.000000 90.000000
69 45.000000 35.000000 10.000000 448.000000 516.000000 90.000000
70 95.000000 30.000000 30.000000 390.000000 444.000000 90.000000
71 95.000000 35.000000 20.000000 481.000000 543.000000 90.000000
72 53.000000 30.000000 10.000000 904.000000 954.000000 90.000000
73 92.000000 30.000000 10.000000 287.000000 361.000000 90.000000
74 53.000000 35.000000 50.000000 78.000000 142.000000 90.000000
75 45.000000 65.000000 20.000000 16.000000 91.000000 90.000000
76 90.000000 35.000000 10.000000 575.000000 639.000000 90.000000
77 88.000000 30.000000 10.000000 534.000000 600.000000 90.000000
78 88.000000 35.000000 20.000000 667.000000 731.000000 90.000000
79 87.000000 30.000000 10.000000 446.000000 506.000000 90.000000
80 85.000000 25.000000 10.000000 637.000000 689.000000 90.000000
81 85.000000 35.000000 30.000000 761.000000 823.000000 90.000000
82 75.000000 55.000000 20.000000 459.000000 529.000000 90.000000
83 72.000000 55.000000 10.000000 556.000000 618.000000 90.000000
84 70.000000 58.000000 20.000000 650.000000 710.000000 90.000000
85 68.000000 60.000000 30.000000 737.000000 809.000000 90.000000
86 66.000000 55.000000 10.000000 173.000000 241.000000 90.000000
87 65.000000 55.000000 20.000000 87.000000 145.000000 90.000000
88 65.000000 60.000000 30.000000 837.000000 895.000000 90.000000
89 63.000000 58.000000 10.000000 929.000000 989.000000 90.000000
90 60.000000 55.000000 10.000000 21.000000 84.000000 90.000000
91 60.000000 60.000000 10.000000 1010.000000 1096.000000 90.000000
92 67.000000 85.000000 20.000000 459.000000 519.000000 90.000000
93 65.000000 85.000000 40.000000 546.000000 616.000000 90.000000
94 65.000000 82.000000 10.000000 367.000000 423.000000 90.000000
95 62.000000 80.000000 30.000000 274.000000 330.000000 90.000000
96 60.000000 80.000000 10.000000 177.000000 243.000000 90.000000
97 60.000000 85.000000 30.000000 645.000000 707.000000 90.000000
98 58.000000 75.000000 20.000000 181.000000 247.000000 90.000000
99 55.000000 80.000000 10.000000 836.000000 896.000000 90.000000
100 55.000000 85.000000 20.000000 744.000000 798.000000 90.000000
101 40.000000 50.000000 0.000000 0.000000 1236.000000 0.000000
102 73.000000 52.000000 0.000000 0.000000 1236.000000 0.000000
103 90.000000 55.000000 0.000000 0.000000 1236.000000 0.000000
104 55.000000 79.000000 0.000000 0.000000 1236.000000 0.000000
105 69.000000 89.000000 0.000000 0.000000 1236.000000 0.000000
106 32.000000 80.000000 0.000000 0.000000 1236.000000 0.000000
107 39.000000 96.000000 0.000000 0.000000 1236.000000 0.000000
108 23.000000 80.000000 0.000000 0.000000 1236.000000 0.000000
109 4.000000 83.000000 0.000000 0.000000 1236.000000 0.000000
110 18.000000 58.000000 0.000000 0.000000 1236.000000 0.000000
111 1.000000 56.000000 0.000000 0.000000 1236.000000 0.000000
112 13.000000 31.000000 0.000000 0.000000 1236.000000 0.000000
113 -5.000000 38.000000 0.000000 0.000000 1236.000000 0.000000
114 26.000000 37.000000 0.000000 0.000000 1236.000000 0.000000
115 28.000000 13.000000 0.000000 0.000000 1236.000000 0.000000
116 39.000000 31.000000 0.000000 0.000000 1236.000000 0.000000
117 48.000000 11.000000 0.000000 0.000000 1236.000000 0.000000
118 59.000000 17.000000 0.000000 0.000000 1236.000000 0.000000
119 73.000000 23.000000 0.000000 0.000000 1236.000000 0.000000
120 74.000000 32.000000 0.000000 0.000000 1236.000000 0.000000
121 90.000000 44.000000 0.000000 0.000000 1236.000000 0.000000
