122 100 118.31 700
0 40.000000 50.000000 0.000000 0.000000 3390.000000 0.000000
1 52.000000 75.000000 10.000000 986.000000 1146.000000 90.000000
2 45.000000 70.000000 30.000000 1084.000000 1244.000000 90.000000
3 62.000000 69.000000 10.000000 130.000000 290.000000 90.000000
4 60.000000 66.000000 10.000000 36.000000 196.000000 90.000000
5 42.000000 65.000000 10.000000 1272.000000 1432.000000 90.000000
6 16.000000 42.000000 20.000000 2544.000000 2704.000000 90.000000
7 58.000000 70.000000 20.000000 224.000000 384.000000 90.000000
8 34.000000 60.000000 20.000000 12.000000 172.000000 90.000000
9 28.000000 70.000000 10.000000 218.000000 378.000000 90.000000
10 35.000000 66.000000 10.000000 28.000000 188.000000 90.000000
11 35.000000 69.000000 10.000000 121.000000 281.000000 90.000000
12 25.000000 85.000000 20.000000 508.000000 668.000000 90.000000
13 22.000000 75.000000 30.000000 316.000000 476.000000 90.000000
14 22.000000 85.000000 10.000000 601.000000 761.000000 90.000000
15 20.000000 80.000000 40.000000 411.000000 571.000000 90.000000
16 20.000000 85.000000 40.000000 693.000000 853.000000 90.000000
17 18.000000 75.000000 20.000000 978.000000 1138.000000 90.000000
18 15.000000 75.000000 20.000000 885.000000 1045.000000 90.000000
19 15.000000 80.000000 10.000000 790.000000 950.000000 90.000000
20 30.000000 50.000000 10.000000 3020.000000 3180.000000 90.000000
21 30.000000 56.000000 20.000000 3128.000000 3288.000000 90.000000
22 28.000000 52.000000 20.000000 3112.000000 3272.000000 90.000000
23 14.000000 66.000000 10.000000 1176.000000 1336.000000 90.000000
24 25.000000 50.000000 10.000000 2925.000000 3085.000000 90.000000
25 22.000000 66.000000 40.000000 1078.000000 1238.000000 90.000000
26 8.000000 62.000000 10.000000 1274.000000 1434.000000 90.000000
27 23.000000 52.000000 10.000000 2832.000000 2992.000000 90.000000
28 4.000000 55.000000 20.000000 1593.000000 1753.000000 90.000000
29 20.000000 50.000000 10.000000 2642.000000 2802.000000 90.000000
30 20.000000 55.000000 10.000000 2737.000000 2897.000000 90.000000
31 10.000000 35.000000 20.000000 2260.000000 2420.000000 90.000000
32 10.000000 40.000000 30.000000 2447.000000 2607.000000 90.000000
33 8.000000 40.000000 40.000000 2355.000000 2515.000000 90.000000
34 8.000000 45.000000 20.000000 1694.000000 1854.000000 90.000000
35 5.000000 35.000000 10.000000 2165.000000 2325.000000 90.000000
36 5.000000 45.000000 10.000000 1787.000000 1947.000000 90.000000
37 2.000000 40.000000 20.000000 2069.000000 2229.000000 90.000000
38 0.000000 40.000000 30.000000 1977.000000 2137.000000 90.000000
39 0.000000 45.000000 20.000000 1882.000000 2042.000000 90.000000
40 36.000000 18.000000 10.000000 968.000000 1128.000000 90.000000
41 35.000000 32.000000 10.000000 120.000000 280.000000 90.000000
42 33.000000 32.000000 20.000000 212.000000 372.000000 90.000000
43 33.000000 35.000000 10.000000 27.000000 187.000000 90.000000
44 32.000000 20.000000 10.000000 874.000000 1034.000000 90.000000
45 30.000000 30.000000 10.000000 682.000000 842.000000 90.000000
46 34.000000 25.000000 30.000000 778.000000 938.000000 90.000000
47 30.000000 35.000000 10.000000 307.000000 467.000000 90.000000
48 36.000000 40.000000 10.000000 11.000000 171.000000 90.000000
49 48.000000 20.000000 10.000000 1959.000000 2119.000000 90.000000
50 26.000000 32.000000 10.000000 495.000000 655.000000 90.000000
51 25.000000 30.000000 10.000000 587.000000 747.000000 90.000000
52 25.000000 35.000000 10.000000 402.000000 562.000000 90.000000
53 44.000000 5.000000 20.000000 1671.000000 1831.000000 90.000000
54 42.000000 10.000000 40.000000 1766.000000 1926.000000 90.000000
55 42.000000 15.000000 10.000000 1861.000000 2021.000000 90.000000
56 40.000000 5.000000 30.000000 1577.000000 1737.000000 90.000000
57 38.000000 15.000000 40.000000 1201.000000 1361.000000 90.000000
58 38.000000 5.000000 30.000000 1485.000000 1645.000000 90.000000
59 38.000000 10.000000 10.000000 1296.000000 1456.000000 90.000000
60 35.000000 5.000000 20.000000 1392.000000 1552.000000 90.000000
61 50.000000 30.000000 10.000000 2339.000000 2499.000000 90.000000
62 50.000000 35.000000 20.000000 2620.000000 2780.000000 90.000000
63 50.000000 40.000000 50.000000 1910.000000 2070.000000 90.000000
64 48.000000 30.000000 10.000000 2247.000000 2407.000000 90.000000
65 44.000000 25.000000 10.000000 2056.000000 2216.000000 90.000000
66 47.000000 35.000000 10.000000 2713.000000 2873.000000 90.000000
67 47.000000 40.000000 10.000000 2003.000000 2163.000000 90.000000
68 42.000000 30.000000 10.000000 2151.000000 2311.000000 90.000000
69 45.000000 35.000000 10.000000 2805.000000 2965.000000 90.000000
70 95.000000 30.000000 30.000000 1035.000000 1195.000000 90.000000
71 95.000000 35.000000 20.000000 940.000000 1100.000000 90.000000
72 53.000000 30.000000 10.000000 2432.000000 2592.000000 90.000000
73 92.000000 30.000000 10.000000 1128.000000 1288.000000 90.000000
74 53.000000 35.000000 50.000000 2527.000000 2687.000000 90.000000
75 45.000000 65.000000 20.000000 1179.000000 1339.000000 90.000000
76 90.000000 35.000000 10.000000 845.000000 1005.000000 90.000000
77 72.000000 45.000000 10.000000 1614.000000 1774.000000 90.000000
78 78.000000 40.000000 20.000000 1516.000000 1676.000000 90.000000
79 87.000000 30.000000 10.000000 1322.000000 1482.000000 90.000000
80 85.000000 25.000000 10.000000 1227.000000 1387.000000 90.000000
81 85.000000 35.000000 30.000000 1417.000000 1577.000000 90.000000
82 75.000000 55.000000 20.000000 508.000000 668.000000 90.000000
83 72.000000 55.000000 10.000000 415.000000 575.000000 90.000000
84 70.000000 58.000000 20.000000 321.000000 481.000000 90.000000
85 86.000000 46.000000 30.000000 743.000000 903.000000 90.000000
86 66.000000 55.000000 10.000000 226.000000 386.000000 90.000000
87 64.000000 46.000000 20.000000 1712.000000 1872.000000 90.000000
88 65.000000 60.000000 30.000000 131.000000 291.000000 90.000000
89 56.000000 64.000000 10.000000 22.000000 182.000000 90.000000
90 60.000000 55.000000 10.000000 21.000000 181.000000 90.000000
91 60.000000 60.000000 10.000000 36.000000 196.000000 90.000000
92 67.000000 85.000000 20.000000 603.000000 763.000000 90.000000
93 42.000000 58.000000 40.000000 1369.000000 1529.000000 90.000000
94 65.000000 82.000000 10.000000 509.000000 669.000000 90.000000
95 62.000000 80.000000 30.000000 416.000000 576.000000 90.000000
96 62.000000 40.000000 10.000000 1808.000000 1968.000000 90.000000
97 60.000000 85.000000 30.000000 700.000000 860.000000 90.000000
98 58.000000 75.000000 20.000000 319.000000 479.000000 90.000000
99 55.000000 80.000000 10.000000 890.000000 1050.000000 90.000000
100 55.000000 85.000000 20.000000 795.000000 955.000000 90.000000
101 40.000000 50.000000 0.000000 0.000000 3390.000000 0.000000
102 73.000000 52.000000 0.000000 0.000000 3390.000000 0.000000
103 90.000000 55.000000 0.000000 0.000000 3390.000000 0.000000
104 55.000000 79.000000 0.000000 0.000000 3390.000000 0.000000
105 69.000000 89.000000 0.000000 0.000000 3390.000000 0.000000
106 32.000000 80.000000 0.000000 0.000000 3390.000000 0.000000
107 39.000000 96.000000 0.000000 0.000000 3390.000000 0.000000
108 23.000000 80.000000 0.000000 0.000000 3390.000000 0.000000
109 4.000000 83.000000 0.000000 0.000000 3390.000000 0.000000
110 18.000000 58.000000 0.000000 0.000000 3390.000000 0.000000
111 1.000000 56.000000 0.000000 0.000000 3390.000000 0.000000
112 13.000000 31.000000 0.000000 0.000000 3390.000000 0.000000
113 -5.000000 38.000000 0.000000 0.000000 3390.000000 0.000000
114 26.000000 37.000000 0.000000 0.000000 3390.000000 0.000000
115 28.000000 13.000000 0.000000 0.000000 3390.000000 0.000000
116 39.000000 31.000000 0.000000 0.000000 3390.000000 0.000000
117 48.000000 11.000000 0.000000 0.000000 3390.000000 0.000000
118 59.000000 17.000000 0.000000 0.000000 3390.000000 0.000000
119 73.000000 23.000000 0.000000 0.000000 3390.000000 0.000000
120 74.000000 32.000000 0.000000 0.000000 3390.000000 0.000000
121 90.000000 44.000000 0.000000 0.000000 3390.000000 0.000000
