122 100 265.71 1000
0 35.000000 35.000000 0.000000 0.000000 1000.000000 0.000000
1 41.000000 49.000000 10.000000 16.000000 426.000000 10.000000
2 35.000000 17.000000 7.000000 18.000000 537.000000 10.000000
3 55.000000 45.000000 13.000000 343.000000 967.000000 10.000000
4 55.000000 20.000000 19.000000 568.000000 965.000000 10.000000
5 15.000000 30.000000 26.000000 21.000000 563.000000 10.000000
6 25.000000 30.000000 3.000000 368.000000 896.000000 10.000000
7 20.000000 50.000000 5.000000 22.000000 421.000000 10.000000
8 10.000000 43.000000 9.000000 27.000000 505.000000 10.000000
9 55.000000 60.000000 16.000000 374.000000 884.000000 10.000000
10 30.000000 60.000000 16.000000 415.000000 861.000000 10.000000
11 20.000000 65.000000 12.000000 484.000000 956.000000 10.000000
12 50.000000 35.000000 19.000000 568.000000 975.000000 10.000000
13 30.000000 25.000000 23.000000 12.000000 484.000000 10.000000
14 15.000000 10.000000 20.000000 33.000000 522.000000 10.000000
15 30.000000 5.000000 8.000000 527.000000 959.000000 10.000000
16 10.000000 20.000000 19.000000 346.000000 846.000000 10.000000
17 5.000000 30.000000 2.000000 517.000000 959.000000 10.000000
18 20.000000 40.000000 12.000000 231.000000 685.000000 10.000000
19 15.000000 60.000000 17.000000 54.000000 542.000000 10.000000
20 45.000000 65.000000 9.000000 515.000000 933.000000 10.000000
21 45.000000 20.000000 11.000000 19.000000 535.000000 10.000000
22 45.000000 10.000000 18.000000 490.000000 963.000000 10.000000
23 55.000000 5.000000 29.000000 37.000000 611.000000 10.000000
24 65.000000 35.000000 3.000000 506.000000 960.000000 10.000000
25 65.000000 20.000000 6.000000 34.000000 493.000000 10.000000
26 45.000000 30.000000 17.000000 12.000000 481.000000 10.000000
27 35.000000 40.000000 16.000000 102.000000 674.000000 10.000000
28 41.000000 37.000000 16.000000 176.000000 676.000000 10.000000
29 64.000000 42.000000 9.000000 503.000000 960.000000 10.000000
30 40.000000 60.000000 21.000000 349.000000 799.000000 10.000000
31 31.000000 52.000000 27.000000 328.000000 972.000000 10.000000
32 35.000000 69.000000 23.000000 252.000000 722.000000 10.000000
33 53.000000 52.000000 11.000000 60.000000 598.000000 10.000000
34 65.000000 55.000000 14.000000 37.000000 523.000000 10.000000
35 63.000000 65.000000 8.000000 393.000000 948.000000 10.000000
36 2.000000 60.000000 5.000000 469.000000 948.000000 10.000000
37 20.000000 20.000000 8.000000 303.000000 875.000000 10.000000
38 5.000000 5.000000 16.000000 402.000000 918.000000 10.000000
39 60.000000 12.000000 31.000000 95.000000 629.000000 10.000000
40 40.000000 25.000000 9.000000 548.000000 978.000000 10.000000
41 42.000000 7.000000 5.000000 473.000000 961.000000 10.000000
42 24.000000 12.000000 5.000000 26.000000 431.000000 10.000000
43 23.000000 3.000000 7.000000 185.000000 755.000000 10.000000
44 11.000000 14.000000 18.000000 398.000000 894.000000 10.000000
45 6.000000 38.000000 16.000000 383.000000 960.000000 10.000000
46 2.000000 48.000000 1.000000 36.000000 534.000000 10.000000
47 8.000000 56.000000 27.000000 435.000000 947.000000 10.000000
48 13.000000 52.000000 36.000000 236.000000 740.000000 10.000000
49 6.000000 68.000000 30.000000 470.000000 946.000000 10.000000
50 47.000000 47.000000 13.000000 342.000000 764.000000 10.000000
51 49.000000 58.000000 10.000000 474.000000 963.000000 10.000000
52 27.000000 43.000000 9.000000 43.000000 581.000000 10.000000
53 37.000000 31.000000 14.000000 210.000000 694.000000 10.000000
54 57.000000 29.000000 18.000000 23.000000 496.000000 10.000000
55 63.000000 23.000000 2.000000 225.000000 785.000000 10.000000
56 53.000000 12.000000 6.000000 433.000000 960.000000 10.000000
57 32.000000 12.000000 7.000000 297.000000 761.000000 10.000000
58 36.000000 26.000000 18.000000 225.000000 689.000000 10.000000
59 21.000000 24.000000 28.000000 18.000000 492.000000 10.000000
60 17.000000 34.000000 3.000000 409.000000 901.000000 10.000000
61 12.000000 24.000000 13.000000 116.000000 764.000000 10.000000
62 24.000000 58.000000 19.000000 487.000000 964.000000 10.000000
63 27.000000 69.000000 10.000000 406.000000 955.000000 10.000000
64 15.000000 77.000000 9.000000 503.000000 943.000000 10.000000
65 62.000000 77.000000 20.000000 50.000000 489.000000 10.000000
66 49.000000 73.000000 25.000000 416.000000 938.000000 10.000000
67 67.000000 5.000000 25.000000 44.000000 531.000000 10.000000
68 56.000000 39.000000 36.000000 133.000000 651.000000 10.000000
69 37.000000 47.000000 6.000000 291.000000 769.000000 10.000000
70 37.000000 56.000000 5.000000 22.000000 454.000000 10.000000
71 57.000000 68.000000 15.000000 538.000000 950.000000 10.000000
72 47.000000 16.000000 25.000000 23.000000 541.000000 10.000000
73 44.000000 17.000000 9.000000 563.000000 969.000000 10.000000
74 46.000000 13.000000 8.000000 289.000000 715.000000 10.000000
75 49.000000 11.000000 18.000000 370.000000 802.000000 10.000000
76 49.000000 42.000000 13.000000 43.000000 529.000000 10.000000
77 53.000000 43.000000 14.000000 20.000000 521.000000 10.000000
78 61.000000 52.000000 3.000000 32.000000 606.000000 10.000000
79 57.000000 48.000000 23.000000 26.000000 502.000000 10.000000
80 56.000000 37.000000 6.000000 22.000000 566.000000 10.000000
81 55.000000 54.000000 26.000000 28.000000 480.000000 10.000000
82 15.000000 47.000000 16.000000 521.000000 966.000000 10.000000
83 14.000000 37.000000 11.000000 366.000000 856.000000 10.000000
84 11.000000 31.000000 7.000000 133.000000 629.000000 10.000000
85 16.000000 22.000000 41.000000 350.000000 946.000000 10.000000
86 4.000000 18.000000 35.000000 572.000000 954.000000 10.000000
87 28.000000 18.000000 26.000000 385.000000 713.000000 10.000000
88 26.000000 52.000000 9.000000 134.000000 648.000000 10.000000
89 26.000000 35.000000 15.000000 367.000000 885.000000 10.000000
90 31.000000 67.000000 3.000000 363.000000 805.000000 10.000000
91 15.000000 19.000000 1.000000 275.000000 805.000000 10.000000
92 22.000000 22.000000 2.000000 27.000000 595.000000 10.000000
93 18.000000 24.000000 22.000000 405.000000 803.000000 10.000000
94 26.000000 27.000000 27.000000 363.000000 813.000000 10.000000
95 25.000000 24.000000 20.000000 15.000000 562.000000 10.000000
96 22.000000 27.000000 11.000000 584.000000 974.000000 10.000000
97 25.000000 21.000000 12.000000 409.000000 793.000000 10.000000
98 19.000000 21.000000 10.000000 251.000000 715.000000 10.000000
99 20.000000 26.000000 9.000000 18.000000 439.000000 10.000000
100 18.000000 18.000000 17.000000 25.000000 338.000000 10.000000
101 35.000000 35.000000 0.000000 0.000000 1000.000000 0.000000
102 61.000000 37.000000 0.000000 0.000000 1000.000000 0.000000
103 74.000000 39.000000 0.000000 0.000000 1000.000000 0.000000
104 47.000000 57.000000 0.000000 0.000000 1000.000000 0.000000
105 57.000000 65.000000 0.000000 0.000000 1000.000000 0.000000
106 29.000000 59.000000 0.000000 0.000000 1000.000000 0.000000
107 34.000000 71.000000 0.000000 0.000000 1000.000000 0.000000
108 22.000000 58.000000 0.000000 0.000000 1000.000000 0.000000
109 7.000000 61.000000 0.000000 0.000000 1000.000000 0.000000
110 18.000000 41.000000 0.000000 0.000000 1000.000000 0.000000
111 5.000000 39.000000 0.000000 0.000000 1000.000000 0.000000
112 14.000000 20.000000 0.000000 0.000000 1000.000000 0.000000
113 0.000000 26.000000 0.000000 0.000000 1000.000000 0.000000
114 24.000000 25.000000 0.000000 0.000000 1000.000000 0.000000
115 26.000000 6.000000 0.000000 0.000000 1000.000000 0.000000
116 34.000000 20.000000 0.000000 0.000000 1000.000000 0.000000
117 41.000000 5.000000 0.000000 0.000000 1000.000000 0.000000
118 50.000000 9.000000 0.000000 0.000000 1000.000000 0.000000
119 61.000000 14.000000 0.000000 0.000000 1000.000000 0.000000
120 62.000000 21.000000 0.000000 0.000000 1000.000000 0.000000
121 74.000000 30.000000 0.000000 0.000000 1000.000000 0.000000
