122 100 273.13 1000
0 40.000000 50.000000 0.000000 0.000000 960.000000 0.000000
1 25.000000 85.000000 20.000000 300.000000 420.000000 10.000000
2 22.000000 75.000000 30.000000 63.000000 183.000000 10.000000
3 22.000000 85.000000 10.000000 338.000000 458.000000 10.000000
4 20.000000 80.000000 40.000000 712.000000 832.000000 10.000000
5 20.000000 85.000000 20.000000 789.000000 909.000000 10.000000
6 18.000000 75.000000 20.000000 258.000000 378.000000 10.000000
7 15.000000 75.000000 20.000000 129.000000 249.000000 10.000000
8 15.000000 80.000000 10.000000 440.000000 560.000000 10.000000
9 10.000000 35.000000 20.000000 654.000000 774.000000 10.000000
10 10.000000 40.000000 30.000000 406.000000 526.000000 10.000000
11 8.000000 40.000000 40.000000 401.000000 521.000000 10.000000
12 8.000000 45.000000 20.000000 797.000000 917.000000 10.000000
13 5.000000 35.000000 10.000000 39.000000 159.000000 10.000000
14 5.000000 45.000000 10.000000 198.000000 318.000000 10.000000
15 2.000000 40.000000 20.000000 748.000000 868.000000 10.000000
16 0.000000 40.000000 20.000000 180.000000 300.000000 10.000000
17 0.000000 45.000000 20.000000 176.000000 296.000000 10.000000
18 44.000000 5.000000 20.000000 784.000000 904.000000 10.000000
19 42.000000 10.000000 40.000000 41.000000 161.000000 10.000000
20 42.000000 15.000000 10.000000 208.000000 328.000000 10.000000
21 40.000000 5.000000 10.000000 522.000000 642.000000 10.000000
22 40.000000 15.000000 40.000000 621.000000 741.000000 10.000000
23 38.000000 5.000000 30.000000 269.000000 389.000000 10.000000
24 38.000000 15.000000 10.000000 161.000000 281.000000 10.000000
25 35.000000 5.000000 20.000000 46.000000 166.000000 10.000000
26 95.000000 30.000000 30.000000 771.000000 891.000000 10.000000
27 95.000000 35.000000 20.000000 675.000000 795.000000 10.000000
28 92.000000 30.000000 10.000000 153.000000 273.000000 10.000000
29 90.000000 35.000000 10.000000 501.000000 621.000000 10.000000
30 88.000000 30.000000 10.000000 416.000000 536.000000 10.000000
31 88.000000 35.000000 20.000000 779.000000 899.000000 10.000000
32 87.000000 30.000000 10.000000 129.000000 249.000000 10.000000
33 85.000000 25.000000 10.000000 766.000000 886.000000 10.000000
34 85.000000 35.000000 30.000000 116.000000 236.000000 10.000000
35 67.000000 85.000000 20.000000 647.000000 767.000000 10.000000
36 65.000000 85.000000 40.000000 517.000000 637.000000 10.000000
37 65.000000 82.000000 10.000000 252.000000 372.000000 10.000000
38 62.000000 80.000000 30.000000 105.000000 225.000000 10.000000
39 60.000000 80.000000 10.000000 751.000000 871.000000 10.000000
40 60.000000 85.000000 30.000000 512.000000 632.000000 10.000000
41 58.000000 75.000000 20.000000 257.000000 377.000000 10.000000
42 55.000000 80.000000 10.000000 520.000000 640.000000 10.000000
43 55.000000 85.000000 20.000000 102.000000 222.000000 10.000000
44 55.000000 82.000000 10.000000 450.000000 570.000000 10.000000
45 20.000000 82.000000 10.000000 646.000000 766.000000 10.000000
46 18.000000 80.000000 10.000000 792.000000 912.000000 10.000000
47 2.000000 45.000000 10.000000 259.000000 379.000000 10.000000
48 42.000000 5.000000 10.000000 70.000000 190.000000 10.000000
49 42.000000 12.000000 10.000000 208.000000 328.000000 10.000000
50 72.000000 35.000000 30.000000 736.000000 856.000000 10.000000
51 55.000000 20.000000 19.000000 482.000000 602.000000 10.000000
52 25.000000 30.000000 3.000000 553.000000 673.000000 10.000000
53 20.000000 50.000000 5.000000 267.000000 387.000000 10.000000
54 55.000000 60.000000 16.000000 557.000000 677.000000 10.000000
55 30.000000 60.000000 16.000000 661.000000 781.000000 10.000000
56 50.000000 35.000000 19.000000 184.000000 304.000000 10.000000
57 30.000000 25.000000 23.000000 226.000000 346.000000 10.000000
58 15.000000 10.000000 20.000000 443.000000 563.000000 10.000000
59 10.000000 20.000000 19.000000 655.000000 775.000000 10.000000
60 15.000000 60.000000 17.000000 43.000000 163.000000 10.000000
61 45.000000 65.000000 9.000000 618.000000 738.000000 10.000000
62 65.000000 35.000000 3.000000 138.000000 258.000000 10.000000
63 65.000000 20.000000 6.000000 316.000000 436.000000 10.000000
64 45.000000 30.000000 17.000000 628.000000 748.000000 10.000000
65 35.000000 40.000000 16.000000 28.000000 148.000000 10.000000
66 41.000000 37.000000 16.000000 584.000000 704.000000 10.000000
67 64.000000 42.000000 9.000000 26.000000 146.000000 10.000000
68 40.000000 60.000000 21.000000 744.000000 864.000000 10.000000
69 31.000000 52.000000 27.000000 10.000000 130.000000 10.000000
70 35.000000 69.000000 23.000000 398.000000 518.000000 10.000000
71 65.000000 55.000000 14.000000 795.000000 915.000000 10.000000
72 63.000000 65.000000 8.000000 331.000000 451.000000 10.000000
73 2.000000 60.000000 5.000000 290.000000 410.000000 10.000000
74 20.000000 20.000000 8.000000 793.000000 913.000000 10.000000
75 5.000000 5.000000 16.000000 384.000000 504.000000 10.000000
76 60.000000 12.000000 31.000000 47.000000 167.000000 10.000000
77 23.000000 3.000000 7.000000 50.000000 170.000000 10.000000
78 8.000000 56.000000 27.000000 352.000000 472.000000 10.000000
79 6.000000 68.000000 30.000000 39.000000 159.000000 10.000000
80 47.000000 47.000000 13.000000 349.000000 469.000000 10.000000
81 49.000000 58.000000 10.000000 784.000000 904.000000 10.000000
82 27.000000 43.000000 9.000000 509.000000 629.000000 10.000000
83 37.000000 31.000000 14.000000 433.000000 553.000000 10.000000
84 57.000000 29.000000 18.000000 802.000000 922.000000 10.000000
85 63.000000 23.000000 2.000000 98.000000 218.000000 10.000000
86 21.000000 24.000000 28.000000 373.000000 493.000000 10.000000
87 12.000000 24.000000 13.000000 381.000000 501.000000 10.000000
88 24.000000 58.000000 19.000000 561.000000 681.000000 10.000000
89 67.000000 5.000000 25.000000 777.000000 897.000000 10.000000
90 37.000000 47.000000 6.000000 80.000000 200.000000 10.000000
91 49.000000 42.000000 13.000000 439.000000 559.000000 10.000000
92 53.000000 43.000000 14.000000 695.000000 815.000000 10.000000
93 61.000000 52.000000 3.000000 317.000000 437.000000 10.000000
94 57.000000 48.000000 23.000000 719.000000 839.000000 10.000000
95 56.000000 37.000000 6.000000 529.000000 649.000000 10.000000
96 55.000000 54.000000 26.000000 277.000000 397.000000 10.000000
97 4.000000 18.000000 35.000000 781.000000 901.000000 10.000000
98 26.000000 52.000000 9.000000 218.000000 338.000000 10.000000
99 26.000000 35.000000 15.000000 21.000000 141.000000 10.000000
100 31.000000 67.000000 3.000000 468.000000 588.000000 10.000000
101 40.000000 50.000000 0.000000 0.000000 960.000000 0.000000
102 73.000000 52.000000 0.000000 0.000000 960.000000 0.000000
103 90.000000 55.000000 0.000000 0.000000 960.000000 0.000000
104 55.000000 79.000000 0.000000 0.000000 960.000000 0.000000
105 69.000000 89.000000 0.000000 0.000000 960.000000 0.000000
106 32.000000 80.000000 0.000000 0.000000 960.000000 0.000000
107 39.000000 96.000000 0.000000 0.000000 960.000000 0.000000
108 23.000000 80.000000 0.000000 0.000000 960.000000 0.000000
109 4.000000 83.000000 0.000000 0.000000 960.000000 0.000000
110 18.000000 58.000000 0.000000 0.000000 960.000000 0.000000
111 1.000000 56.000000 0.000000 0.000000 960.000000 0.000000
112 13.000000 31.000000 0.000000 0.000000 960.000000 0.000000
113 -5.000000 38.000000 0.000000 0.000000 960.000000 0.000000
114 26.000000 37.000000 0.000000 0.000000 960.000000 0.000000
115 28.000000 13.000000 0.000000 0.000000 960.000000 0.000000
116 39.000000 31.000000 0.000000 0.000000 960.000000 0.000000
117 48.000000 11.000000 0.000000 0.000000 960.000000 0.000000
118 59.000000 17.000000 0.000000 0.000000 960.000000 0.000000
119 73.000000 23.000000 0.000000 0.000000 960.000000 0.000000
120 74.000000 32.000000 0.000000 0.000000 960.000000 0.000000
121 90.000000 44.000000 0.000000 0.000000 960.000000 0.000000
