122 100 159.68 1000
0 40.000000 50.000000 0.000000 0.000000 960.000000 0.000000
1 25.000000 85.000000 20.000000 300.000000 420.000000 10.000000
2 22.000000 75.000000 30.000000 0.000000 919.000000 10.000000
3 22.000000 85.000000 10.000000 0.000000 910.000000 10.000000
4 20.000000 80.000000 40.000000 712.000000 832.000000 10.000000
5 20.000000 85.000000 20.000000 0.000000 909.000000 10.000000
6 18.000000 75.000000 20.000000 0.000000 916.000000 10.000000
7 15.000000 75.000000 20.000000 129.000000 249.000000 10.000000
8 15.000000 80.000000 10.000000 0.000000 910.000000 10.000000
9 10.000000 35.000000 20.000000 0.000000 916.000000 10.000000
10 10.000000 40.000000 30.000000 0.000000 918.000000 10.000000
11 8.000000 40.000000 40.000000 0.000000 916.000000 10.000000
12 8.000000 45.000000 20.000000 797.000000 917.000000 10.000000
13 5.000000 35.000000 10.000000 0.000000 911.000000 10.000000
14 5.000000 45.000000 10.000000 0.000000 914.000000 10.000000
15 2.000000 40.000000 20.000000 0.000000 910.000000 10.000000
16 0.000000 40.000000 20.000000 180.000000 300.000000 10.000000
17 0.000000 45.000000 20.000000 0.000000 909.000000 10.000000
18 44.000000 5.000000 20.000000 0.000000 904.000000 10.000000
19 42.000000 10.000000 40.000000 0.000000 909.000000 10.000000
20 42.000000 15.000000 10.000000 208.000000 328.000000 10.000000
21 40.000000 5.000000 10.000000 0.000000 905.000000 10.000000
22 40.000000 15.000000 40.000000 0.000000 915.000000 10.000000
23 38.000000 5.000000 30.000000 0.000000 904.000000 10.000000
24 38.000000 15.000000 10.000000 0.000000 914.000000 10.000000
25 35.000000 5.000000 20.000000 0.000000 904.000000 10.000000
26 95.000000 30.000000 30.000000 0.000000 891.000000 10.000000
27 95.000000 35.000000 20.000000 0.000000 892.000000 10.000000
28 92.000000 30.000000 10.000000 0.000000 894.000000 10.000000
29 90.000000 35.000000 10.000000 501.000000 621.000000 10.000000
30 88.000000 30.000000 10.000000 0.000000 898.000000 10.000000
31 88.000000 35.000000 20.000000 0.000000 899.000000 10.000000
32 87.000000 30.000000 10.000000 0.000000 898.000000 10.000000
33 85.000000 25.000000 10.000000 0.000000 898.000000 10.000000
34 85.000000 35.000000 30.000000 0.000000 902.000000 10.000000
35 67.000000 85.000000 20.000000 0.000000 905.000000 10.000000
36 65.000000 85.000000 40.000000 517.000000 637.000000 10.000000
37 65.000000 82.000000 10.000000 0.000000 909.000000 10.000000
38 62.000000 80.000000 30.000000 105.000000 225.000000 10.000000
39 60.000000 80.000000 10.000000 751.000000 871.000000 10.000000
40 60.000000 85.000000 30.000000 0.000000 909.000000 10.000000
41 58.000000 75.000000 20.000000 257.000000 377.000000 10.000000
42 55.000000 80.000000 10.000000 520.000000 640.000000 10.000000
43 55.000000 85.000000 20.000000 0.000000 911.000000 10.000000
44 55.000000 82.000000 10.000000 0.000000 914.000000 10.000000
45 20.000000 82.000000 10.000000 0.000000 912.000000 10.000000
46 18.000000 80.000000 10.000000 0.000000 912.000000 10.000000
47 2.000000 45.000000 10.000000 0.000000 911.000000 10.000000
48 42.000000 5.000000 10.000000 0.000000 904.000000 10.000000
49 42.000000 12.000000 10.000000 0.000000 911.000000 10.000000
50 72.000000 35.000000 30.000000 0.000000 914.000000 10.000000
51 55.000000 20.000000 19.000000 0.000000 916.000000 10.000000
52 25.000000 30.000000 3.000000 553.000000 673.000000 10.000000
53 20.000000 50.000000 5.000000 0.000000 930.000000 10.000000
54 55.000000 60.000000 16.000000 0.000000 931.000000 10.000000
55 30.000000 60.000000 16.000000 0.000000 935.000000 10.000000
56 50.000000 35.000000 19.000000 184.000000 304.000000 10.000000
57 30.000000 25.000000 23.000000 0.000000 923.000000 10.000000
58 15.000000 10.000000 20.000000 0.000000 902.000000 10.000000
59 10.000000 20.000000 19.000000 0.000000 907.000000 10.000000
60 15.000000 60.000000 17.000000 0.000000 923.000000 10.000000
61 45.000000 65.000000 9.000000 618.000000 738.000000 10.000000
62 65.000000 35.000000 3.000000 0.000000 920.000000 10.000000
63 65.000000 20.000000 6.000000 0.000000 910.000000 10.000000
64 45.000000 30.000000 17.000000 628.000000 748.000000 10.000000
65 35.000000 40.000000 16.000000 28.000000 148.000000 10.000000
66 41.000000 37.000000 16.000000 0.000000 936.000000 10.000000
67 64.000000 42.000000 9.000000 0.000000 924.000000 10.000000
68 40.000000 60.000000 21.000000 0.000000 940.000000 10.000000
69 31.000000 52.000000 27.000000 10.000000 130.000000 10.000000
70 35.000000 69.000000 23.000000 0.000000 930.000000 10.000000
71 65.000000 55.000000 14.000000 0.000000 924.000000 10.000000
72 63.000000 65.000000 8.000000 0.000000 922.000000 10.000000
73 2.000000 60.000000 5.000000 290.000000 410.000000 10.000000
74 20.000000 20.000000 8.000000 0.000000 913.000000 10.000000
75 5.000000 5.000000 16.000000 0.000000 892.000000 10.000000
76 60.000000 12.000000 31.000000 0.000000 907.000000 10.000000
77 23.000000 3.000000 7.000000 50.000000 170.000000 10.000000
78 8.000000 56.000000 27.000000 0.000000 917.000000 10.000000
79 6.000000 68.000000 30.000000 39.000000 159.000000 10.000000
80 47.000000 47.000000 13.000000 0.000000 942.000000 10.000000
81 49.000000 58.000000 10.000000 0.000000 937.000000 10.000000
82 27.000000 43.000000 9.000000 0.000000 935.000000 10.000000
83 37.000000 31.000000 14.000000 0.000000 930.000000 10.000000
84 57.000000 29.000000 18.000000 0.000000 922.000000 10.000000
85 63.000000 23.000000 2.000000 0.000000 914.000000 10.000000
86 21.000000 24.000000 28.000000 0.000000 917.000000 10.000000
87 12.000000 24.000000 13.000000 381.000000 501.000000 10.000000
88 24.000000 58.000000 19.000000 561.000000 681.000000 10.000000
89 67.000000 5.000000 25.000000 777.000000 897.000000 10.000000
90 37.000000 47.000000 6.000000 80.000000 200.000000 10.000000
91 49.000000 42.000000 13.000000 0.000000 937.000000 10.000000
92 53.000000 43.000000 14.000000 0.000000 935.000000 10.000000
93 61.000000 52.000000 3.000000 0.000000 928.000000 10.000000
94 57.000000 48.000000 23.000000 0.000000 932.000000 10.000000
95 56.000000 37.000000 6.000000 0.000000 929.000000 10.000000
96 55.000000 54.000000 26.000000 0.000000 934.000000 10.000000
97 4.000000 18.000000 35.000000 0.000000 901.000000 10.000000
98 26.000000 52.000000 9.000000 0.000000 935.000000 10.000000
99 26.000000 35.000000 15.000000 0.000000 929.000000 10.000000
100 31.000000 67.000000 3.000000 0.000000 930.000000 10.000000
101 40.000000 50.000000 0.000000 0.000000 960.000000 0.000000
102 73.000000 52.000000 0.000000 0.000000 960.000000 0.000000
103 90.000000 55.000000 0.000000 0.000000 960.000000 0.000000
104 55.000000 79.000000 0.000000 0.000000 960.000000 0.000000
105 69.000000 89.000000 0.000000 0.000000 960.000000 0.000000
106 32.000000 80.000000 0.000000 0.000000 960.000000 0.000000
107 39.000000 96.000000 0.000000 0.000000 960.000000 0.000000
108 23.000000 80.000000 0.000000 0.000000 960.000000 0.000000
109 4.000000 83.000000 0.000000 0.000000 960.000000 0.000000
110 18.000000 58.000000 0.000000 0.000000 960.000000 0.000000
111 1.000000 56.000000 0.000000 0.000000 960.000000 0.000000
112 13.000000 31.000000 0.000000 0.000000 960.000000 0.000000
113 -5.000000 38.000000 0.000000 0.000000 960.000000 0.000000
114 26.000000 37.000000 0.000000 0.000000 960.000000 0.000000
115 28.000000 13.000000 0.000000 0.000000 960.000000 0.000000
116 39.000000 31.000000 0.000000 0.000000 960.000000 0.000000
117 48.000000 11.000000 0.000000 0.000000 960.000000 0.000000
118 59.000000 17.000000 0.000000 0.000000 960.000000 0.000000
119 73.000000 23.000000 0.000000 0.000000 960.000000 0.000000
120 74.000000 32.000000 0.000000 0.000000 960.000000 0.000000
121 90.000000 44.000000 0.000000 0.000000 960.000000 0.000000
