122 100 212.23 1000
0 40.000000 50.000000 0.000000 0.000000 960.000000 0.000000
1 25.000000 85.000000 20.000000 254.000000 466.000000 10.000000
2 22.000000 75.000000 30.000000 31.000000 494.000000 10.000000
3 22.000000 85.000000 10.000000 48.000000 748.000000 10.000000
4 20.000000 80.000000 40.000000 681.000000 863.000000 10.000000
5 20.000000 85.000000 20.000000 395.000000 909.000000 10.000000
6 18.000000 75.000000 20.000000 77.000000 559.000000 10.000000
7 15.000000 75.000000 20.000000 95.000000 283.000000 10.000000
8 15.000000 80.000000 10.000000 316.000000 684.000000 10.000000
9 10.000000 35.000000 20.000000 475.000000 916.000000 10.000000
10 10.000000 40.000000 30.000000 317.000000 615.000000 10.000000
11 8.000000 40.000000 40.000000 284.000000 638.000000 10.000000
12 8.000000 45.000000 20.000000 711.000000 917.000000 10.000000
13 5.000000 35.000000 10.000000 39.000000 393.000000 10.000000
14 5.000000 45.000000 10.000000 61.000000 455.000000 10.000000
15 2.000000 40.000000 20.000000 648.000000 910.000000 10.000000
16 0.000000 40.000000 20.000000 42.000000 464.000000 10.000000
17 0.000000 45.000000 20.000000 93.000000 379.000000 10.000000
18 44.000000 5.000000 20.000000 590.000000 904.000000 10.000000
19 42.000000 10.000000 40.000000 41.000000 432.000000 10.000000
20 42.000000 15.000000 10.000000 153.000000 383.000000 10.000000
21 40.000000 5.000000 10.000000 355.000000 809.000000 10.000000
22 40.000000 15.000000 40.000000 503.000000 859.000000 10.000000
23 38.000000 5.000000 30.000000 46.000000 634.000000 10.000000
24 38.000000 15.000000 10.000000 64.000000 378.000000 10.000000
25 35.000000 5.000000 20.000000 46.000000 370.000000 10.000000
26 95.000000 30.000000 30.000000 543.000000 891.000000 10.000000
27 95.000000 35.000000 20.000000 309.000000 892.000000 10.000000
28 92.000000 30.000000 10.000000 56.000000 478.000000 10.000000
29 90.000000 35.000000 10.000000 401.000000 721.000000 10.000000
30 88.000000 30.000000 10.000000 324.000000 628.000000 10.000000
31 88.000000 35.000000 20.000000 151.000000 899.000000 10.000000
32 87.000000 30.000000 10.000000 52.000000 403.000000 10.000000
33 85.000000 25.000000 10.000000 389.000000 898.000000 10.000000
34 85.000000 35.000000 30.000000 48.000000 435.000000 10.000000
35 67.000000 85.000000 20.000000 361.000000 905.000000 10.000000
36 65.000000 85.000000 40.000000 392.000000 762.000000 10.000000
37 65.000000 82.000000 10.000000 41.000000 627.000000 10.000000
38 62.000000 80.000000 30.000000 38.000000 495.000000 10.000000
39 60.000000 80.000000 10.000000 415.000000 913.000000 10.000000
40 60.000000 85.000000 30.000000 443.000000 701.000000 10.000000
41 58.000000 75.000000 20.000000 122.000000 512.000000 10.000000
42 55.000000 80.000000 10.000000 480.000000 680.000000 10.000000
43 55.000000 85.000000 20.000000 39.000000 620.000000 10.000000
44 55.000000 82.000000 10.000000 304.000000 716.000000 10.000000
45 20.000000 82.000000 10.000000 318.000000 912.000000 10.000000
46 18.000000 80.000000 10.000000 498.000000 912.000000 10.000000
47 2.000000 45.000000 10.000000 95.000000 543.000000 10.000000
48 42.000000 5.000000 10.000000 46.000000 474.000000 10.000000
49 42.000000 12.000000 10.000000 87.000000 449.000000 10.000000
50 72.000000 35.000000 30.000000 673.000000 914.000000 10.000000
51 55.000000 20.000000 19.000000 346.000000 738.000000 10.000000
52 25.000000 30.000000 3.000000 360.000000 866.000000 10.000000
53 20.000000 50.000000 5.000000 136.000000 518.000000 10.000000
54 55.000000 60.000000 16.000000 439.000000 795.000000 10.000000
55 30.000000 60.000000 16.000000 379.000000 935.000000 10.000000
56 50.000000 35.000000 19.000000 19.000000 499.000000 10.000000
57 30.000000 25.000000 23.000000 117.000000 455.000000 10.000000
58 15.000000 10.000000 20.000000 334.000000 672.000000 10.000000
59 10.000000 20.000000 19.000000 536.000000 894.000000 10.000000
60 15.000000 60.000000 17.000000 27.000000 429.000000 10.000000
61 45.000000 65.000000 9.000000 175.000000 934.000000 10.000000
62 65.000000 35.000000 3.000000 30.000000 396.000000 10.000000
63 65.000000 20.000000 6.000000 111.000000 641.000000 10.000000
64 45.000000 30.000000 17.000000 547.000000 829.000000 10.000000
65 35.000000 40.000000 16.000000 12.000000 292.000000 10.000000
66 41.000000 37.000000 16.000000 409.000000 879.000000 10.000000
67 64.000000 42.000000 9.000000 26.000000 415.000000 10.000000
68 40.000000 60.000000 21.000000 479.000000 940.000000 10.000000
69 31.000000 52.000000 27.000000 10.000000 379.000000 10.000000
70 35.000000 69.000000 23.000000 326.000000 590.000000 10.000000
71 65.000000 55.000000 14.000000 707.000000 924.000000 10.000000
72 63.000000 65.000000 8.000000 161.000000 621.000000 10.000000
73 2.000000 60.000000 5.000000 248.000000 452.000000 10.000000
74 20.000000 20.000000 8.000000 661.000000 913.000000 10.000000
75 5.000000 5.000000 16.000000 311.000000 577.000000 10.000000
76 60.000000 12.000000 31.000000 43.000000 429.000000 10.000000
77 23.000000 3.000000 7.000000 50.000000 471.000000 10.000000
78 8.000000 56.000000 27.000000 118.000000 706.000000 10.000000
79 6.000000 68.000000 30.000000 39.000000 402.000000 10.000000
80 47.000000 47.000000 13.000000 150.000000 668.000000 10.000000
81 49.000000 58.000000 10.000000 627.000000 937.000000 10.000000
82 27.000000 43.000000 9.000000 423.000000 715.000000 10.000000
83 37.000000 31.000000 14.000000 294.000000 692.000000 10.000000
84 57.000000 29.000000 18.000000 512.000000 922.000000 10.000000
85 63.000000 23.000000 2.000000 36.000000 676.000000 10.000000
86 21.000000 24.000000 28.000000 358.000000 508.000000 10.000000
87 12.000000 24.000000 13.000000 427.000000 455.000000 10.000000
88 24.000000 58.000000 19.000000 395.000000 847.000000 10.000000
89 67.000000 5.000000 25.000000 437.000000 897.000000 10.000000
90 37.000000 47.000000 6.000000 5.000000 290.000000 10.000000
91 49.000000 42.000000 13.000000 254.000000 744.000000 10.000000
92 53.000000 43.000000 14.000000 361.000000 935.000000 10.000000
93 61.000000 52.000000 3.000000 285.000000 469.000000 10.000000
94 57.000000 48.000000 23.000000 624.000000 932.000000 10.000000
95 56.000000 37.000000 6.000000 327.000000 851.000000 10.000000
96 55.000000 54.000000 26.000000 254.000000 420.000000 10.000000
97 4.000000 18.000000 35.000000 747.000000 901.000000 10.000000
98 26.000000 52.000000 9.000000 110.000000 446.000000 10.000000
99 26.000000 35.000000 15.000000 21.000000 259.000000 10.000000
100 31.000000 67.000000 3.000000 528.000000 528.000000 10.000000
101 40.000000 50.000000 0.000000 0.000000 960.000000 0.000000
102 73.000000 52.000000 0.000000 0.000000 960.000000 0.000000
103 90.000000 55.000000 0.000000 0.000000 960.000000 0.000000
104 55.000000 79.000000 0.000000 0.000000 960.000000 0.000000
105 69.000000 89.000000 0.000000 0.000000 960.000000 0.000000
106 32.000000 80.000000 0.000000 0.000000 960.000000 0.000000
107 39.000000 96.000000 0.000000 0.000000 960.000000 0.000000
108 23.000000 80.000000 0.000000 0.000000 960.000000 0.000000
109 4.000000 83.000000 0.000000 0.000000 960.000000 0.000000
110 18.000000 58.000000 0.000000 0.000000 960.000000 0.000000
111 1.000000 56.000000 0.000000 0.000000 960.000000 0.000000
112 13.000000 31.000000 0.000000 0.000000 960.000000 0.000000
113 -5.000000 38.000000 0.000000 0.000000 960.000000 0.000000
114 26.000000 37.000000 0.000000 0.000000 960.000000 0.000000
115 28.000000 13.000000 0.000000 0.000000 960.000000 0.000000
116 39.000000 31.000000 0.000000 0.000000 960.000000 0.000000
117 48.000000 11.000000 0.000000 0.000000 960.000000 0.000000
118 59.000000 17.000000 0.000000 0.000000 960.000000 0.000000
119 73.000000 23.000000 0.000000 0.000000 960.000000 0.000000
120 74.000000 32.000000 0.000000 0.000000 960.000000 0.000000
121 90.000000 44.000000 0.000000 0.000000 960.000000 0.000000
